Date,Open,High,Low,Close,Volume,Adj Close
2015-11-13,84.40,86.00,78.03,78.03,8644300,78.03
2015-11-12,77.90,86.70,75.60,86.70,11384700,86.70
2015-11-11,85.00,85.00,74.80,78.82,12510000,78.82
2015-11-10,77.00,77.80,74.11,77.80,2657500,77.80
2015-11-09,63.28,70.73,62.88,70.73,6445600,70.73
2015-11-06,61.70,64.99,61.55,64.30,6770000,64.30
2015-11-05,63.58,65.73,61.50,61.70,6235400,61.70
2015-11-04,62.00,65.00,60.50,63.85,8689400,63.85
2015-11-03,57.81,64.00,57.81,63.00,8563900,63.00
2015-11-02,54.00,60.88,53.60,58.55,6571000,58.55
2015-10-30,56.60,60.25,56.60,57.55,5221800,57.55
2015-10-29,57.90,58.78,55.65,56.43,3395200,56.43
2015-10-28,59.99,61.80,56.60,57.06,4785600,57.06
2015-10-27,58.44,62.40,57.98,60.80,5477000,60.80
2015-10-26,61.00,65.32,59.02,60.75,6210900,60.75
2015-10-23,60.88,63.10,59.40,60.90,6210000,60.90
2015-10-22,58.00,63.90,56.28,61.62,8336100,61.62
2015-10-21,64.00,68.99,58.01,59.00,9649500,59.00
2015-10-20,64.00,65.93,63.25,63.98,6714100,63.98
2015-10-19,60.20,64.93,58.01,64.93,11003400,64.93
2015-10-16,59.79,61.28,57.77,59.03,5793900,59.03
2015-10-15,56.87,59.48,56.11,59.30,6074300,59.30
2015-10-14,57.40,62.37,57.36,57.88,6125600,57.88
2015-10-13,58.00,59.87,57.85,57.97,6758500,57.97
2015-10-12,54.00,60.47,54.00,60.30,8560600,60.30
2015-10-09,54.35,57.50,53.01,54.97,6887300,54.97
2015-10-08,54.30,56.34,52.86,54.40,5583100,54.40
2015-10-07,52.02,52.02,52.02,52.02,000,52.02
2015-10-06,52.02,52.02,52.02,52.02,000,52.02
2015-10-05,52.02,52.02,52.02,52.02,000,52.02
2015-10-02,52.02,52.02,52.02,52.02,000,52.02
2015-10-01,52.02,52.02,52.02,52.02,000,52.02
2015-09-30,54.90,55.50,50.80,52.02,5206500,52.02
2015-09-29,55.30,58.50,53.69,54.95,7130300,54.95
2015-09-28,54.30,54.30,54.30,54.30,000,54.30
2015-09-25,64.44,64.44,53.87,54.30,12373300,54.30
2015-09-24,57.90,59.86,57.40,59.86,3358500,59.86
2015-09-23,47.50,54.42,47.50,54.42,8516100,54.42
2015-09-22,51.30,51.80,49.30,49.47,7303500,49.47
2015-09-21,46.50,52.25,46.02,51.18,7756000,51.18
2015-09-18,50.00,51.20,47.71,48.59,6983800,48.59
2015-09-17,56.00,56.93,48.86,50.49,12040700,50.49
2015-09-16,47.95,53.90,47.60,53.90,11004900,53.90
2015-09-15,43.01,51.53,42.17,49.00,12005600,49.00
2015-09-14,49.00,53.56,46.86,46.86,8479300,46.86
2015-09-11,47.36,52.07,45.07,52.07,12358200,52.07
2015-09-10,45.00,47.34,44.50,47.34,10869200,47.34
2015-09-09,43.04,43.04,43.04,43.04,349200,43.04
2015-09-08,37.99,39.13,37.13,39.13,5337400,39.13
2015-09-07,34.00,35.57,32.50,35.57,3544000,35.57
2015-09-04,32.34,32.34,32.34,32.34,000,32.34
2015-09-03,32.34,32.34,32.34,32.34,000,32.34
2015-09-02,32.70,36.60,32.34,32.34,4419700,32.34
2015-09-01,37.80,37.80,35.93,35.93,3580000,35.93
2015-08-31,43.00,43.57,39.92,39.92,5057700,39.92
2015-08-28,42.07,45.60,40.00,44.36,7942800,44.36
2015-08-27,43.76,44.97,38.91,42.06,8186400,42.06
2015-08-26,41.44,44.06,38.05,43.20,9876800,43.20
2015-08-25,39.82,48.10,39.82,40.05,7347500,40.05
2015-08-24,44.50,46.00,44.24,44.24,1585400,44.24
2015-08-21,48.00,53.40,47.50,49.15,5192600,49.15
2015-08-20,52.08,52.98,49.01,49.01,4607600,49.01
2015-08-19,52.26,55.98,48.43,54.45,5918500,54.45
2015-08-18,56.60,62.48,53.56,53.68,5731500,53.68
2015-08-17,64.09,65.00,59.42,59.46,7448300,59.46
2015-08-14,65.60,71.00,63.60,66.02,7918700,66.02
2015-08-13,64.00,69.00,63.13,67.96,8418900,67.96
2015-08-12,64.60,66.48,62.70,62.80,8005400,62.80
2015-08-11,71.00,76.20,68.68,69.00,11911300,69.00
2015-08-10,64.90,70.62,63.76,70.62,11985200,70.62
2015-08-07,64.50,70.00,62.51,64.20,10267200,64.20
2015-08-06,71.00,73.80,68.55,68.55,10762400,68.55
2015-08-05,69.59,82.00,69.59,76.17,13464200,76.17
2015-08-04,93.89,93.89,76.82,76.82,15332800,76.82
2015-08-03,85.35,85.35,85.35,85.35,368500,85.35
2015-07-31,76.00,77.59,74.80,77.59,1977000,77.59
2015-07-30,70.54,70.54,70.00,70.54,2305300,70.54
2015-07-29,64.13,64.13,61.66,64.13,3981600,64.13
2015-07-28,47.80,58.30,47.80,58.30,9625800,58.30
2015-07-27,48.00,53.00,46.00,53.00,9579400,53.00
2015-07-24,48.18,48.18,44.50,48.18,4558100,48.18
2015-07-23,42.60,43.80,41.33,43.80,12350800,43.80
2015-07-22,39.82,39.82,39.82,39.82,538600,39.82
2015-07-21,36.20,36.20,35.02,36.20,4998200,36.20
2015-07-20,32.91,32.91,32.91,32.91,52500,32.91
2015-07-17,29.92,29.92,29.92,29.92,186600,29.92
2015-07-16,27.20,27.20,27.20,27.20,1970100,27.20
2015-07-15,24.73,24.73,24.73,24.73,97800,24.73
2015-07-14,22.48,22.48,22.48,22.48,17800,22.48
2015-07-13,20.44,20.44,20.44,20.44,16500,20.44
2015-07-10,18.58,18.58,18.58,18.58,7100,18.58
2015-07-09,16.89,16.89,16.89,16.89,286700,16.89
2015-07-08,15.35,15.35,15.35,15.35,2286700,15.35
2015-07-07,13.95,13.95,13.95,13.95,95300,13.95
2015-07-06,12.68,12.68,12.68,12.68,23100,12.68
2015-07-03,11.53,11.53,11.53,11.53,15000,11.53
2015-07-02,9.49,10.48,9.49,10.48,5300,10.48
