Date,Open,High,Low,Close,Volume,Adj Close
2015-11-13,56.00,56.55,51.48,51.48,5794600,51.48
2015-11-12,54.46,58.52,53.00,57.20,5638000,57.20
2015-11-11,49.90,53.20,48.90,53.20,4325800,53.20
2015-11-10,48.97,51.48,48.50,49.42,3929600,49.42
2015-11-09,46.10,49.92,44.20,49.69,4782100,49.69
2015-11-06,45.76,47.80,45.70,46.99,3295100,46.99
2015-11-05,46.96,48.00,45.20,45.90,3912400,45.90
2015-11-04,45.02,47.36,45.02,46.48,4258400,46.48
2015-11-03,42.30,44.90,42.10,44.76,3579600,44.76
2015-11-02,39.96,44.38,39.50,41.92,3238700,41.92
2015-10-30,42.25,43.18,41.30,41.60,2309800,41.60
2015-10-29,42.97,43.50,41.72,42.75,1935000,42.75
2015-10-28,44.01,45.61,42.39,42.41,2683400,42.41
2015-10-27,43.10,45.59,41.50,44.61,3457200,44.61
2015-10-26,45.40,46.56,43.81,45.20,4641400,45.20
2015-10-23,41.35,44.77,41.34,44.24,3905700,44.24
2015-10-22,39.03,41.98,39.00,41.42,2952100,41.42
2015-10-21,43.25,43.50,39.17,39.18,4281100,39.18
2015-10-20,42.28,43.70,42.02,43.52,3426600,43.52
2015-10-19,44.89,44.95,42.00,43.05,4228900,43.05
2015-10-16,43.54,44.88,42.00,44.47,5446000,44.47
2015-10-15,41.02,43.54,40.58,43.54,5581100,43.54
2015-10-14,38.02,40.92,38.01,39.58,3543800,39.58
2015-10-13,37.90,39.10,37.41,38.48,2641600,38.48
2015-10-12,35.66,38.49,35.66,38.41,3203200,38.41
2015-10-09,34.65,35.75,34.50,35.24,1947200,35.24
2015-10-08,34.58,35.20,34.05,34.75,2230100,34.75
2015-10-07,33.16,33.16,33.16,33.16,000,33.16
2015-10-06,33.16,33.16,33.16,33.16,000,33.16
2015-10-05,33.16,33.16,33.16,33.16,000,33.16
2015-10-02,33.16,33.16,33.16,33.16,000,33.16
2015-10-01,33.16,33.16,33.16,33.16,000,33.16
2015-09-30,33.81,34.19,32.42,33.16,1572700,33.16
2015-09-29,33.00,35.16,32.20,33.60,2434900,33.60
2015-09-28,32.90,32.90,32.90,32.90,000,32.90
2015-09-25,33.40,34.48,31.45,32.90,3405000,32.90
2015-09-24,37.10,38.89,34.08,34.22,4968400,34.22
2015-09-23,65.88,72.58,65.59,71.63,2293100,35.81
2015-09-22,68.00,70.76,66.30,67.98,1684500,33.99
2015-09-21,60.08,67.41,60.00,67.41,1694700,33.71
2015-09-18,119.60,125.76,118.64,122.56,1139100,61.28
2015-09-17,113.80,123.36,111.32,118.00,1288100,59.00
2015-09-16,106.42,114.40,105.02,114.40,733000,57.20
2015-09-15,105.60,109.00,99.08,104.00,823000,52.00
2015-09-14,120.52,122.76,107.10,107.94,1442600,53.97
2015-09-11,119.60,121.66,116.76,119.00,833900,59.50
2015-09-10,116.02,123.90,116.02,119.62,1204100,59.81
2015-09-09,115.74,120.00,113.56,119.50,1329000,59.75
2015-09-08,102.40,113.60,102.40,113.12,900000,56.56
2015-09-07,101.60,107.04,100.20,104.00,1007500,52.00
2015-09-04,97.30,97.30,97.30,97.30,000,48.65
2015-09-03,97.30,97.30,97.30,97.30,000,48.65
2015-09-02,94.40,107.20,94.00,97.30,1245400,48.65
2015-09-01,113.02,113.22,102.80,102.80,1068100,51.40
2015-08-31,120.00,120.76,114.00,114.22,860400,57.11
2015-08-28,117.64,124.00,114.60,121.90,1028300,60.95
2015-08-27,111.20,115.00,107.60,114.88,1453300,57.44
2015-08-26,107.00,114.28,100.56,106.20,2122200,53.10
2015-08-25,105.82,110.72,105.72,105.72,1166600,52.86
2015-08-24,126.50,126.50,117.46,117.46,808400,58.73
2015-08-21,132.00,137.18,130.00,130.50,810700,65.25
2015-08-20,138.00,141.00,134.74,135.60,668800,67.80
2015-08-19,133.76,140.60,126.00,139.98,1084300,69.99
2015-08-18,151.84,152.96,136.24,137.00,1355000,68.50
2015-08-17,156.00,158.36,149.40,151.38,1078000,75.69
2015-08-14,157.00,160.40,155.16,156.60,1052900,78.30
2015-08-13,152.60,157.98,149.00,156.36,1016500,78.18
2015-08-12,163.00,167.00,154.00,154.00,1137700,77.00
2015-08-11,162.78,168.60,161.20,163.98,1133500,81.99
2015-08-10,154.10,167.18,154.00,162.80,1171500,81.40
2015-08-07,147.40,155.90,146.06,153.76,1064600,76.88
2015-08-06,137.54,151.96,137.54,147.26,1128900,73.63
2015-08-05,140.00,147.16,138.20,141.46,1161200,70.73
2015-08-04,129.96,141.92,129.96,141.92,1124600,70.96
2015-08-03,141.00,144.98,127.36,129.02,1131900,64.51
2015-07-31,142.06,148.00,139.92,141.40,910300,70.70
2015-07-30,155.96,159.00,146.18,147.30,1362000,73.65
2015-07-29,158.00,159.64,138.76,157.60,2044300,78.80
2015-07-28,157.00,169.76,153.66,153.66,1892600,76.83
2015-07-27,185.00,191.00,170.74,170.74,1627200,85.37
2015-07-24,190.70,196.00,186.00,189.72,1823900,94.86
2015-07-23,176.22,192.00,174.26,187.62,1788900,93.81
2015-07-22,176.00,183.16,169.00,176.28,1998400,88.14
2015-07-21,159.00,177.16,154.66,177.16,1954400,88.52
2015-07-20,161.00,170.60,156.80,161.06,1539200,80.48
2015-07-17,146.02,160.94,146.02,160.00,1426600,79.95
2015-07-16,146.12,168.00,146.12,146.30,1877700,73.10
2015-07-15,172.38,172.38,156.70,162.36,1705500,81.13
2015-07-14,156.70,156.70,156.70,156.70,000,78.30
2015-07-13,156.70,156.70,156.70,156.70,000,78.30
2015-07-10,156.70,156.70,156.70,156.70,000,78.30
2015-07-09,156.70,156.70,156.70,156.70,000,78.30
2015-07-08,156.70,156.70,156.70,156.70,000,78.30
2015-07-07,156.70,156.70,156.70,156.70,000,78.30
2015-07-06,190.00,190.00,156.70,156.70,1688100,78.30
2015-07-03,188.00,201.20,174.12,174.12,1481300,87.00
2015-07-02,199.80,214.00,189.60,193.46,1280700,96.66
2015-07-01,211.60,226.76,204.00,205.00,1620300,102.43
2015-06-30,196.44,214.18,181.12,213.80,1892400,106.83
2015-06-29,206.00,214.00,176.60,201.24,1887800,100.55
2015-06-26,199.76,214.80,186.12,196.22,1435500,98.04
2015-06-25,223.90,223.90,203.76,206.00,909400,102.93
2015-06-24,214.00,225.86,213.98,225.60,1621600,112.72
2015-06-23,193.80,205.86,187.20,205.86,1183200,102.86
2015-06-22,189.16,189.16,189.16,189.16,000,94.52
2015-06-19,192.00,204.40,188.00,189.16,805400,94.52
2015-06-18,212.00,213.58,194.02,197.98,836900,98.92
2015-06-17,203.00,213.60,202.00,210.64,907000,105.25
2015-06-16,193.60,207.00,189.04,204.00,1336100,101.93
2015-06-15,226.00,226.00,203.40,203.40,1739500,101.63
2015-06-12,234.36,237.12,220.00,226.00,1460800,112.92
2015-06-11,249.90,249.98,235.68,237.12,1558200,118.48
2015-06-10,237.98,250.16,233.82,244.80,1269200,122.32
2015-06-09,223.60,239.80,223.40,238.80,1539800,119.32
2015-06-08,222.00,227.98,216.00,223.80,1252600,111.82
2015-06-05,225.00,230.84,209.10,219.40,1537800,109.63
2015-06-04,242.60,243.56,217.80,217.82,1698000,108.84
2015-06-03,244.92,249.88,236.00,242.00,1086200,120.92
2015-06-02,240.40,252.40,233.36,245.96,1419800,122.90
2015-06-01,246.00,251.78,235.00,240.40,1636500,120.12
2015-05-29,243.10,267.98,234.04,244.20,2014900,122.02
2015-05-28,281.54,310.00,255.60,255.60,2189500,127.71
2015-05-27,271.74,290.00,255.52,284.00,1693200,141.90
2015-05-26,241.46,266.16,236.98,266.16,1586500,132.99
2015-05-25,219.98,250.00,215.00,241.96,1952900,120.90
2015-05-22,235.40,243.16,224.00,229.40,1592100,114.62
2015-05-21,234.00,240.96,228.00,234.52,1492800,117.18
2015-05-20,235.56,260.00,235.00,235.68,2005500,117.76
2015-05-19,250.00,253.56,233.32,240.60,1581500,120.22
2015-05-18,222.32,244.12,217.00,244.12,1723700,121.98
2015-05-15,224.00,239.16,206.14,223.20,2518800,111.52
2015-05-14,207.60,229.04,204.60,229.04,2390700,114.44
2015-05-13,206.00,217.76,198.00,208.22,2164500,104.04
2015-05-12,218.00,233.34,208.82,215.96,2965800,107.91
2015-05-11,220.00,232.00,213.10,221.74,1994700,110.79
2015-05-08,195.00,212.70,191.76,212.70,1355200,106.28
2015-05-07,177.48,195.22,177.48,193.36,2791700,96.61
2015-05-06,176.00,180.00,171.60,177.48,1524900,88.68
2015-05-05,167.00,175.94,162.06,170.60,2129700,85.24
2015-05-04,167.98,177.78,165.00,168.50,1894600,84.19
2015-05-01,170.88,170.88,170.88,170.88,000,85.38
2015-04-30,186.56,189.08,170.86,170.88,3117000,85.38
2015-04-29,168.20,178.68,166.94,178.68,3222000,89.28
2015-04-28,156.00,162.44,155.00,162.44,4585200,81.16
2015-04-27,144.06,156.18,144.00,147.68,1634400,73.79
2015-04-24,143.98,145.74,138.80,143.30,1831900,71.60
2015-04-23,147.80,150.90,144.62,146.32,2327900,73.11
2015-04-22,140.00,149.96,136.00,147.96,2929700,73.93
2015-04-21,131.60,141.06,131.56,140.20,2236200,70.05
2015-04-20,137.60,141.98,130.96,131.10,2594500,65.51
2015-04-17,147.32,150.48,136.00,137.20,3460100,68.55
2015-04-16,140.00,159.58,137.52,147.20,5060600,73.55
2015-04-15,148.00,161.16,134.20,152.20,6345900,76.05
2015-04-14,146.56,146.56,146.56,146.56,411400,73.23
2015-04-13,119.34,133.24,119.34,133.24,3477900,66.57
2015-04-10,117.54,123.98,117.20,121.12,2467400,60.52
2015-04-09,118.00,119.80,112.40,119.60,2327600,59.76
2015-04-08,124.96,124.96,116.42,119.70,3030000,59.81
2015-04-07,119.08,126.70,119.08,125.30,3162700,62.61
2015-04-06,120.28,120.28,120.28,120.28,000,60.10
2015-04-03,116.60,120.60,115.00,120.28,2504500,60.10
2015-04-02,114.80,121.30,114.80,118.70,2804400,59.31
2015-04-01,113.58,115.98,112.62,115.20,1596200,57.56
2015-03-31,112.04,115.20,112.02,113.04,1813000,56.48
2015-03-30,113.68,114.88,109.14,111.20,2084700,55.56
2015-03-27,113.66,115.02,112.00,114.40,1432200,57.16
2015-03-26,121.88,121.88,112.32,113.58,4061900,56.75
2015-03-25,126.46,128.60,123.56,124.70,4370100,62.31
2015-03-24,117.40,129.14,116.82,129.14,6591100,64.53
2015-03-23,117.44,118.36,115.04,117.40,3560400,58.66
2015-03-20,117.32,119.92,116.00,118.40,3689400,59.16
2015-03-19,116.00,127.20,113.62,120.98,6142200,60.45
2015-03-18,110.00,119.80,108.30,116.34,6875500,58.13
2015-03-17,120.34,120.34,112.52,120.34,10691500,60.13
2015-03-16,109.40,109.40,109.40,109.40,129600,54.66
2015-03-13,99.46,99.46,99.46,99.46,213500,49.70
2015-03-12,90.42,90.42,90.42,90.42,200700,45.18
2015-03-11,82.20,82.20,82.20,82.20,313800,41.07
2015-03-10,74.72,74.72,74.72,74.72,258800,37.33
2015-03-09,67.92,67.92,67.92,67.92,373600,33.94
2015-03-06,61.74,61.74,61.74,61.74,73800,30.85
2015-03-05,56.12,56.12,56.12,56.12,40900,28.04
2015-03-04,51.02,51.02,51.02,51.02,50000,25.49
2015-03-03,46.38,46.38,46.38,46.38,20600,23.17
2015-03-02,42.16,42.16,42.16,42.16,3600,21.07
2015-02-27,38.32,38.32,38.32,38.32,3700,19.15
2015-02-26,34.84,34.84,34.84,34.84,2000,17.41
2015-02-25,31.68,31.68,31.68,31.68,3600,15.83
2015-02-24,28.80,28.80,28.80,28.80,000,14.39
2015-02-23,28.80,28.80,28.80,28.80,000,14.39
2015-02-20,28.80,28.80,28.80,28.80,000,14.39
2015-02-19,28.80,28.80,28.80,28.80,000,14.39
2015-02-18,28.80,28.80,28.80,28.80,000,14.39
2015-02-17,24.00,28.80,24.00,28.80,9900,14.39
