Date,Open,High,Low,Close,Volume,Adj Close
2015-11-13,36.66,36.66,36.66,36.66,000,36.66
2015-11-12,36.66,36.66,36.66,36.66,000,36.66
2015-11-11,36.66,36.66,36.66,36.66,000,36.66
2015-11-10,36.66,36.66,36.66,36.66,000,36.66
2015-11-09,36.66,36.66,36.66,36.66,000,36.66
2015-11-06,36.66,36.66,36.66,36.66,000,36.66
2015-11-05,36.66,36.66,36.66,36.66,000,36.66
2015-11-04,36.66,36.66,36.66,36.66,000,36.66
2015-11-03,36.66,36.66,36.66,36.66,000,36.66
2015-11-02,36.66,36.66,36.66,36.66,000,36.66
2015-10-30,36.66,36.66,36.66,36.66,000,36.66
2015-10-29,36.66,36.66,36.66,36.66,000,36.66
2015-10-28,36.66,36.66,36.66,36.66,000,36.66
2015-10-27,36.66,36.66,36.66,36.66,000,36.66
2015-10-26,36.66,36.66,36.66,36.66,000,36.66
2015-10-23,36.66,36.66,36.66,36.66,000,36.66
2015-10-22,36.66,36.66,36.66,36.66,000,36.66
2015-10-21,36.66,36.66,36.66,36.66,000,36.66
2015-10-20,36.66,36.66,36.66,36.66,000,36.66
2015-10-19,36.66,36.66,36.66,36.66,000,36.66
2015-10-16,36.66,36.66,36.66,36.66,000,36.66
2015-10-15,36.66,36.66,36.66,36.66,000,36.66
2015-10-14,36.66,36.66,36.66,36.66,000,36.66
2015-10-13,36.66,36.66,36.66,36.66,000,36.66
2015-10-12,36.66,36.66,36.66,36.66,000,36.66
2015-10-09,36.66,36.66,36.66,36.66,000,36.66
2015-10-08,36.66,36.66,36.66,36.66,000,36.66
2015-10-07,36.66,36.66,36.66,36.66,000,36.66
2015-10-06,36.66,36.66,36.66,36.66,000,36.66
2015-10-05,36.66,36.66,36.66,36.66,000,36.66
2015-10-02,36.66,36.66,36.66,36.66,000,36.66
2015-10-01,36.66,36.66,36.66,36.66,000,36.66
2015-09-30,36.66,36.66,36.66,36.66,000,36.66
2015-09-29,36.66,36.66,36.66,36.66,000,36.66
2015-09-28,36.66,36.66,36.66,36.66,000,36.66
2015-09-25,36.66,36.66,36.66,36.66,000,36.66
2015-09-24,36.66,36.66,36.66,36.66,000,36.66
2015-09-23,36.66,36.66,36.66,36.66,000,36.66
2015-09-22,36.66,36.66,36.66,36.66,000,36.66
2015-09-21,36.66,36.66,36.66,36.66,000,36.66
2015-09-18,36.66,36.66,36.66,36.66,000,36.66
2015-09-17,36.66,36.66,36.66,36.66,000,36.66
2015-09-16,36.66,36.66,36.66,36.66,000,36.66
2015-09-15,36.66,36.66,36.66,36.66,000,36.66
2015-09-14,36.66,36.66,36.66,36.66,000,36.66
2015-09-11,36.66,36.66,36.66,36.66,000,36.66
2015-09-10,36.66,36.66,36.66,36.66,000,36.66
2015-09-09,36.66,36.66,36.66,36.66,000,36.66
2015-09-08,36.66,36.66,36.66,36.66,000,36.66
2015-09-07,36.66,36.66,36.66,36.66,000,36.66
2015-09-04,36.66,36.66,36.66,36.66,000,36.66
2015-09-03,36.66,36.66,36.66,36.66,000,36.66
2015-09-02,36.66,36.66,36.66,36.66,000,36.66
2015-09-01,36.66,36.66,36.66,36.66,000,36.66
2015-08-31,36.66,36.66,36.66,36.66,000,36.66
2015-08-28,36.66,36.66,36.66,36.66,000,36.66
2015-08-27,36.66,36.66,36.66,36.66,000,36.66
2015-08-26,36.66,36.66,36.66,36.66,000,36.66
2015-08-25,36.66,36.66,36.66,36.66,000,36.66
2015-08-24,36.66,36.66,36.66,36.66,000,36.66
2015-08-21,36.66,36.66,36.66,36.66,000,36.66
2015-08-20,36.66,36.66,36.66,36.66,000,36.66
2015-08-19,36.66,36.66,36.66,36.66,000,36.66
2015-08-18,36.66,36.66,36.66,36.66,000,36.66
2015-08-17,36.66,36.66,36.66,36.66,000,36.66
2015-08-14,36.98,37.35,36.27,36.66,1401100,36.66
2015-08-13,35.50,36.70,35.01,36.67,1448500,36.67
2015-08-12,36.65,37.36,35.43,35.49,1757300,35.49
2015-08-11,37.51,38.30,37.02,37.25,2079600,37.25
2015-08-10,36.04,37.88,35.66,37.67,2506700,37.67
2015-08-07,35.01,36.47,34.80,36.08,2468900,36.08
2015-08-06,32.98,35.40,32.56,34.95,2363800,34.95
2015-08-05,34.29,34.75,32.88,33.94,2195100,33.94
2015-08-04,32.30,34.40,32.01,34.29,2150000,34.29
2015-08-03,33.70,34.30,31.00,31.78,2053900,31.78
2015-07-31,33.59,34.60,32.25,33.75,2954000,33.75
2015-07-30,32.87,35.00,31.87,32.20,2382700,32.20
2015-07-29,31.15,32.87,30.00,32.87,2320900,32.87
2015-07-28,30.17,32.70,29.85,29.88,2631400,29.88
2015-07-27,35.61,36.87,33.17,33.17,2949000,33.17
2015-07-24,37.99,39.00,36.30,36.85,4320900,36.85
2015-07-23,34.10,37.30,34.00,37.30,4140700,37.30
2015-07-22,33.02,34.48,32.72,33.91,2807600,33.91
2015-07-21,32.70,33.74,32.02,33.36,2385900,33.36
2015-07-20,33.40,34.20,32.01,32.88,2843600,32.88
2015-07-17,31.05,33.39,31.00,33.10,2402800,33.10
2015-07-16,29.71,32.15,26.79,31.00,3205300,31.00
2015-07-15,32.00,32.80,29.71,29.71,2290700,29.71
2015-07-14,33.50,35.00,31.83,33.01,5194200,33.01
2015-07-13,31.83,31.83,30.30,31.83,2759600,31.83
2015-07-10,28.01,28.94,28.01,28.94,905700,28.94
2015-07-09,22.51,26.31,22.51,26.31,3037900,26.31
2015-07-08,23.92,24.80,23.92,23.92,6930100,23.92
2015-07-07,26.76,27.02,26.58,26.58,787400,26.58
2015-07-06,36.07,36.07,29.53,29.53,3482600,29.53
2015-07-03,34.74,35.20,32.81,32.81,3196100,32.81
2015-07-02,38.50,40.18,36.45,36.45,5098400,36.45
2015-07-01,44.27,45.87,40.50,40.50,2552200,40.50
2015-06-30,38.27,46.20,38.25,45.00,3567200,45.00
2015-06-29,47.00,47.96,42.50,42.50,1837400,42.50
2015-06-26,49.50,49.50,47.22,47.22,2167700,47.22
2015-06-25,59.58,60.00,52.47,52.47,3405500,52.47
2015-06-24,59.00,60.25,56.00,58.30,5131200,58.30
2015-06-23,52.90,57.20,52.00,57.20,5470900,57.20
2015-06-22,52.00,52.00,52.00,52.00,000,52.00
2015-06-19,50.99,55.20,49.30,52.00,3175000,52.00
2015-06-18,55.00,58.75,50.00,53.01,5294400,53.01
2015-06-17,48.93,54.65,48.00,54.65,5016500,54.65
2015-06-16,47.00,49.80,44.54,49.68,4187100,49.68
2015-06-15,53.73,54.00,48.24,48.24,3748300,48.24
2015-06-12,54.96,55.50,53.40,53.60,2341600,53.60
2015-06-11,53.60,54.93,53.28,54.48,2375100,54.48
2015-06-10,51.00,54.96,51.00,54.10,2657900,54.10
2015-06-09,52.95,54.60,51.42,52.58,2549100,52.58
2015-06-08,59.00,59.07,53.47,53.47,4215300,53.47
2015-06-05,63.15,64.12,59.00,59.41,3690500,59.41
2015-06-04,61.14,63.50,55.00,62.36,3856700,62.36
2015-06-03,63.30,64.48,60.02,60.86,4187800,60.86
2015-06-02,69.10,69.98,64.80,64.97,5487000,64.97
2015-06-01,64.20,69.16,60.20,68.90,9046900,68.90
2015-05-29,59.90,66.50,55.04,64.70,8359400,64.70
2015-05-28,59.00,64.48,58.98,61.15,9403900,61.15
2015-05-27,113.50,117.38,109.00,117.38,6655400,58.615
2015-05-26,96.99,106.71,96.99,106.71,3115300,53.287
2015-05-25,94.88,98.73,93.82,97.01,3237800,48.443
2015-05-22,97.99,99.76,90.50,99.71,5183800,49.791
2015-05-21,87.98,92.96,87.00,92.96,4482800,46.421
2015-05-20,86.00,90.60,84.50,84.51,3830000,42.201
2015-05-19,89.00,92.37,82.38,87.52,4490900,43.704
2015-05-18,80.00,86.14,79.65,86.14,4209200,43.015
2015-05-15,78.80,79.41,75.71,78.31,3557400,39.105
2015-05-14,73.99,80.00,73.99,78.89,4177400,39.395
2015-05-13,71.90,76.28,69.16,75.19,3641000,37.547
2015-05-12,73.50,73.77,71.00,73.08,3257600,36.493
2015-05-11,70.98,73.38,69.62,73.01,4107100,36.458
2015-05-08,65.28,69.23,65.28,69.23,2915400,34.571
2015-05-07,66.42,67.30,64.31,64.53,1488000,32.224
2015-05-06,66.33,68.39,66.30,66.36,2099300,33.138
2015-05-05,68.20,68.20,65.61,66.35,1663800,33.133
2015-05-04,66.30,68.44,65.01,68.27,2112900,34.091
2015-05-01,66.27,66.27,66.27,66.27,000,33.093
2015-04-30,66.55,68.25,65.61,66.27,1984700,33.093
2015-04-29,63.59,66.94,63.59,66.65,1673900,33.282
2015-04-28,67.96,68.67,64.33,64.43,2552100,32.174
2015-04-27,67.80,70.09,67.61,67.98,2187100,33.947
2015-04-24,67.38,68.28,66.17,67.84,3088400,33.877
2015-04-23,69.14,70.21,68.18,68.79,2168800,34.351
2015-04-22,68.00,70.60,67.53,69.14,2577000,34.526
2015-04-21,63.81,67.10,63.81,67.00,2010600,33.457
2015-04-20,67.71,67.73,63.67,64.18,2940700,32.049
2015-04-17,67.22,69.48,67.22,67.70,2248000,33.807
2015-04-16,65.60,68.28,65.00,66.93,2275900,33.422
2015-04-15,70.98,70.99,65.00,65.54,3996100,32.728
2015-04-14,73.00,77.70,70.19,70.50,5154800,35.205
2015-04-13,72.00,77.15,71.30,73.49,4323700,36.698
2015-04-10,73.33,73.92,67.66,72.50,5800900,36.204
2015-04-09,67.83,74.49,66.68,74.49,6798600,37.197
2015-04-08,68.95,68.95,65.70,67.72,4191000,33.817
2015-04-07,69.01,70.00,67.23,69.09,3820200,34.501
2015-04-06,67.68,67.68,67.68,67.68,000,33.797
2015-04-03,63.88,68.91,63.45,67.68,4791600,33.797
2015-04-02,62.41,64.84,62.41,64.00,3340900,31.959
2015-04-01,60.60,62.58,60.51,62.15,3117400,31.035
2015-03-31,60.36,61.85,60.20,61.00,2479600,30.461
2015-03-30,63.45,64.99,59.38,60.70,5033400,30.311
2015-03-27,63.21,64.89,63.21,63.86,3650700,31.889
2015-03-26,65.17,68.97,65.00,65.64,9077200,32.778
2015-03-25,64.87,64.87,63.18,64.87,4259400,32.394
2015-03-24,60.06,60.45,56.52,58.97,4605400,29.447
2015-03-23,57.70,60.30,57.21,60.01,4526800,29.967
2015-03-20,57.00,58.20,56.43,57.13,2955700,28.528
2015-03-19,56.00,58.68,55.74,57.26,3644900,28.593
2015-03-18,56.00,56.63,55.08,56.26,3432300,28.094
2015-03-17,54.84,56.25,54.21,56.06,4457200,27.994
2015-03-16,53.29,54.65,53.29,54.20,2931800,27.065
2015-03-13,51.60,52.88,51.35,52.75,1456300,26.341
2015-03-12,52.30,52.54,50.88,51.20,1783400,25.567
2015-03-11,52.96,53.10,52.11,52.29,1838000,26.112
2015-03-10,52.98,53.58,52.60,52.90,1900500,26.416
2015-03-09,53.80,54.00,52.00,53.30,2717900,26.616
2015-03-06,53.11,55.68,53.00,54.59,4825400,27.26
2015-03-05,52.73,53.40,52.26,53.25,2307000,26.591
2015-03-04,52.30,53.30,51.97,52.97,2633900,26.451
2015-03-03,53.68,53.68,52.22,52.27,2556000,26.102
2015-03-02,53.40,53.96,52.85,53.80,2101400,26.866
2015-02-27,53.20,53.38,52.52,52.97,1797800,26.451
2015-02-26,51.27,53.40,51.21,52.94,2016600,26.436
2015-02-25,52.50,52.99,51.21,51.34,1585100,25.637
2015-02-24,52.68,52.68,52.68,52.68,000,26.306
2015-02-23,52.68,52.68,52.68,52.68,000,26.306
2015-02-20,52.68,52.68,52.68,52.68,000,26.306
2015-02-19,52.68,52.68,52.68,52.68,000,26.306
2015-02-18,52.68,52.68,52.68,52.68,000,26.306
2015-02-17,52.35,53.49,52.12,52.68,1642300,26.306
2015-02-16,52.00,52.75,51.50,52.47,1756100,26.201
2015-02-13,51.47,52.36,51.40,52.09,1799400,26.012
2015-02-12,49.99,51.85,49.82,51.18,2005000,25.557
2015-02-11,49.23,49.87,49.00,49.81,1707000,24.873
2015-02-10,49.00,49.35,48.80,49.09,1341200,24.514
2015-02-09,49.61,50.20,48.81,48.92,1442600,24.429
2015-02-06,53.00,53.02,49.90,50.00,3097100,24.968
2015-02-05,53.58,54.09,53.00,53.00,2273500,26.466
2015-02-04,53.18,54.30,52.80,53.50,2716800,26.716
2015-02-03,52.20,54.55,52.06,53.19,3419300,26.561
2015-02-02,52.88,53.89,52.05,52.19,1919800,26.062
2015-01-30,53.41,55.56,53.41,53.99,1957300,26.961
2015-01-29,53.21,53.89,53.00,53.39,1632500,26.661
2015-01-28,54.30,54.95,53.13,53.45,2314700,26.691
2015-01-27,55.31,55.97,54.10,54.47,2899400,27.20
2015-01-26,54.60,55.60,54.20,55.39,2541100,27.66
2015-01-23,57.03,58.50,55.00,55.33,4696200,27.63
2015-01-22,55.86,56.99,55.01,56.26,4090500,28.094
2015-01-21,56.22,56.47,54.60,55.83,4612200,27.879
2015-01-20,52.90,55.97,52.90,55.88,4992500,27.904
2015-01-19,52.25,55.55,51.50,52.67,4464600,26.301
2015-01-16,53.10,54.44,52.45,53.65,3415900,26.791
2015-01-15,51.30,54.61,50.80,53.17,4016200,26.551
2015-01-14,52.05,52.72,50.36,51.10,3145100,25.517
2015-01-13,51.49,53.39,51.08,52.71,2770000,26.321
2015-01-12,54.00,54.44,51.00,51.57,3927100,25.752
2015-01-09,54.51,56.48,54.00,54.78,4100000,27.355
2015-01-08,55.82,59.15,55.10,55.16,4858500,27.545
2015-01-07,59.00,60.90,56.00,56.63,5427000,28.279
2015-01-06,55.20,61.51,54.99,60.00,8841200,29.962
2015-01-05,61.70,64.36,60.11,61.10,6854500,30.511
2015-01-02,61.16,61.16,61.16,61.16,000,30.541
2015-01-01,61.16,61.16,61.16,61.16,000,30.541
2014-12-31,61.88,63.99,58.25,61.16,8042200,30.541
2014-12-30,66.06,67.00,60.35,60.36,9766400,30.141
2014-12-29,59.19,67.05,58.23,67.05,8564300,33.482
2014-12-26,59.50,63.66,59.24,60.95,6644600,30.436
2014-12-25,57.85,61.88,56.73,60.00,9658800,29.962
2014-12-24,53.00,57.20,52.78,57.20,7401600,28.563
2014-12-23,49.41,55.60,49.41,52.00,8718000,25.967
2014-12-22,57.83,58.60,54.90,54.90,3001600,27.415
2014-12-19,58.69,62.62,57.83,61.00,10283100,30.461
2014-12-18,63.70,64.71,58.07,58.28,10351200,29.103
2014-12-17,60.00,64.37,59.01,63.48,10484300,31.699
2014-12-16,58.70,61.53,57.44,59.93,9104400,29.927
2014-12-15,55.76,62.60,55.13,59.35,10264700,29.637
2014-12-12,56.99,61.30,56.10,57.88,12568000,28.903
2014-12-11,56.99,56.99,54.99,56.99,10709500,28.459
2014-12-10,51.81,51.81,51.81,51.81,172400,25.872
2014-12-09,47.10,47.10,47.10,47.10,39200,23.52
2014-12-08,42.82,42.82,42.82,42.82,26600,21.383
2014-12-05,38.93,38.93,38.93,38.93,15600,19.44
2014-12-04,35.39,35.39,35.39,35.39,6000,17.672
2014-12-03,26.81,32.17,26.81,32.17,39800,16.064
