Date,Open,High,Low,Close,Volume,Adj Close
2015-11-13,61.96,66.00,57.10,59.13,5496600,59.13
2015-11-12,56.71,61.96,56.70,61.96,4404700,61.96
2015-11-11,52.47,56.95,51.67,56.33,2958800,56.33
2015-11-10,52.83,54.48,51.56,52.78,2497100,52.78
2015-11-09,50.51,54.80,50.51,53.82,3387100,53.82
2015-11-06,48.99,52.00,48.99,51.25,2734200,51.25
2015-11-05,51.92,52.79,49.50,49.96,3656600,49.96
2015-11-04,49.36,53.39,48.20,52.61,3844200,52.61
2015-11-03,47.00,50.50,45.53,49.24,4641400,49.24
2015-11-02,43.40,49.17,42.61,47.53,4726100,47.53
2015-10-30,43.02,45.82,42.30,44.70,2454800,44.70
2015-10-29,43.90,43.90,42.01,43.30,1220400,43.30
2015-10-28,42.98,44.56,42.06,42.87,1824800,42.87
2015-10-27,44.37,44.38,40.20,43.61,2094300,43.61
2015-10-26,44.80,45.47,43.21,44.45,2224700,44.45
2015-10-23,44.02,45.17,42.98,44.70,2133200,44.70
2015-10-22,42.12,43.88,41.21,43.70,2311300,43.70
2015-10-21,46.30,47.00,42.40,42.40,3085000,42.40
2015-10-20,46.63,48.25,45.02,47.11,3503600,47.11
2015-10-19,45.30,47.30,43.60,46.71,4733900,46.71
2015-10-16,43.60,45.63,43.30,45.30,4478500,45.30
2015-10-15,41.30,43.86,41.30,43.58,3715100,43.58
2015-10-14,43.48,43.79,41.00,41.86,3210800,41.86
2015-10-13,43.50,44.73,42.77,44.40,2459100,44.40
2015-10-12,42.59,45.12,42.25,44.76,2592800,44.76
2015-10-09,42.35,43.70,42.00,42.56,1977100,42.56
2015-10-08,41.70,43.77,40.01,42.50,3477800,42.50
2015-10-07,41.00,41.00,41.00,41.00,000,41.00
2015-10-06,41.00,41.00,41.00,41.00,000,41.00
2015-10-05,41.00,41.00,41.00,41.00,000,41.00
2015-10-02,41.00,41.00,41.00,41.00,000,41.00
2015-10-01,41.00,41.00,41.00,41.00,000,41.00
2015-09-30,42.50,45.08,41.00,41.00,4013100,41.00
2015-09-29,36.49,41.14,36.11,41.14,2152100,41.14
2015-09-28,35.38,35.38,35.38,35.38,000,35.38
2015-09-25,38.28,38.49,34.90,35.38,1984400,35.38
2015-09-24,38.30,38.97,37.00,37.48,1790900,37.48
2015-09-23,36.80,39.00,36.60,38.25,1834000,38.25
2015-09-22,35.45,38.28,35.45,38.00,2322600,38.00
2015-09-21,32.00,35.50,31.61,35.42,1433900,35.42
2015-09-18,32.18,33.40,30.57,32.64,1166400,32.64
2015-09-17,33.39,35.24,32.00,32.00,1251900,32.00
2015-09-16,31.10,33.68,30.65,33.68,1188900,33.68
2015-09-15,32.51,33.41,30.62,30.62,1404500,30.62
2015-09-14,37.92,38.18,34.02,34.02,764000,34.02
2015-09-11,36.70,38.30,36.10,37.80,678600,37.80
2015-09-10,37.80,38.50,36.61,36.80,722200,36.80
2015-09-09,37.98,39.00,36.86,38.63,1543200,38.63
2015-09-08,33.84,36.90,33.02,36.80,1129600,36.80
2015-09-07,32.99,34.98,32.99,33.96,852600,33.96
2015-09-04,32.57,32.57,32.57,32.57,000,32.57
2015-09-03,32.57,32.57,32.57,32.57,000,32.57
2015-09-02,31.01,37.60,31.00,32.57,1053400,32.57
2015-09-01,35.10,38.00,33.31,34.23,2118500,34.23
2015-08-31,36.00,36.30,35.00,35.70,1460300,35.70
2015-08-28,33.46,36.15,33.15,36.15,1823000,36.15
2015-08-27,33.98,34.56,30.11,32.86,1914400,32.86
2015-08-26,36.41,38.10,32.77,32.77,2089200,32.77
2015-08-25,36.41,37.30,36.41,36.41,1250300,36.41
2015-08-24,43.50,43.90,40.46,40.46,793200,40.46
2015-08-21,46.00,48.33,43.11,44.96,594600,44.96
2015-08-20,48.20,48.79,46.02,46.40,700500,46.40
2015-08-19,44.80,48.48,43.00,48.30,1051400,48.30
2015-08-18,52.06,53.35,46.81,46.81,1119900,46.81
2015-08-17,51.86,52.88,50.45,52.01,830800,52.01
2015-08-14,54.13,54.98,51.70,51.70,1011200,51.70
2015-08-13,51.00,53.45,50.50,53.04,626300,53.04
2015-08-12,54.50,56.49,51.05,51.10,1199500,51.10
2015-08-11,54.80,59.00,54.04,55.89,1081300,55.89
2015-08-10,51.50,55.60,51.50,55.45,819100,55.45
2015-08-07,48.50,52.60,48.50,51.50,1171400,51.50
2015-08-06,46.03,49.90,46.03,48.24,833400,48.24
2015-08-05,47.98,50.97,45.01,48.40,1463300,48.40
2015-08-04,42.10,46.78,41.50,46.78,1720100,46.78
2015-08-03,46.50,46.50,42.53,42.53,1195400,42.53
2015-07-31,48.45,51.00,46.10,47.25,1428000,47.25
2015-07-30,55.18,56.67,50.96,51.05,1546600,51.05
2015-07-29,55.80,58.80,49.56,56.62,1727900,56.62
2015-07-28,55.50,61.18,55.07,55.07,1422100,55.07
2015-07-27,67.00,68.50,61.19,61.19,1188500,61.19
2015-07-24,68.50,73.24,66.00,67.99,1298400,67.99
2015-07-23,64.70,70.70,62.90,68.00,1123300,68.00
2015-07-22,60.00,65.00,58.50,64.97,1325500,64.97
2015-07-21,58.68,63.50,56.05,60.40,976300,60.40
2015-07-20,57.49,61.00,55.00,59.70,1480600,59.70
2015-07-17,51.72,56.87,51.71,56.87,1517400,56.87
2015-07-16,51.84,55.61,46.66,51.70,2081700,51.70
2015-07-15,57.61,57.80,51.84,51.84,1357100,51.84
2015-07-14,57.36,57.60,54.20,57.60,3255000,57.60
2015-07-13,52.00,52.36,49.01,52.36,2544200,52.36
2015-07-10,46.50,47.60,45.66,47.60,1721200,47.60
2015-07-09,35.41,43.27,35.41,43.27,4474200,43.27
2015-07-08,37.11,43.87,37.11,39.34,4355200,39.34
2015-07-07,41.23,43.40,41.23,41.23,255300,41.23
2015-07-06,55.99,55.99,45.81,45.81,1942300,45.81
2015-07-03,50.02,55.00,45.02,50.90,1596000,50.90
2015-07-02,52.00,56.49,48.90,50.00,1533200,50.00
2015-07-01,58.50,63.76,52.78,53.80,1810000,53.80
2015-06-30,50.01,60.50,49.61,58.50,1789800,58.50
2015-06-29,61.24,61.57,55.12,55.12,1423600,55.12
2015-06-26,64.60,65.67,61.24,61.24,1073700,61.24
2015-06-25,75.20,75.30,68.04,68.04,1274300,68.04
2015-06-24,75.90,78.11,72.23,75.60,1256000,75.60
2015-06-23,68.30,76.50,63.49,75.54,2313500,75.54
2015-06-22,70.54,70.54,70.54,70.54,000,70.54
2015-06-19,74.00,76.98,70.54,70.54,1328500,70.54
2015-06-18,86.78,87.00,78.25,78.38,1225700,78.38
2015-06-17,84.62,87.60,81.50,86.93,1673600,86.93
2015-06-16,90.00,91.00,84.43,84.65,1855800,84.65
2015-06-15,95.00,99.83,89.99,93.77,3102400,93.77
2015-06-12,109.98,109.98,99.99,99.99,2569000,99.99
2015-06-11,112.49,112.50,102.90,111.10,3334700,111.10
2015-06-10,102.27,102.27,102.27,102.27,000,102.27
2015-06-09,102.27,102.27,102.27,102.27,000,102.27
2015-06-08,102.27,102.27,102.27,102.27,000,102.27
2015-06-05,102.27,102.27,102.27,102.27,000,102.27
2015-06-04,102.27,102.27,102.27,102.27,000,102.27
2015-06-03,102.27,102.27,102.27,102.27,000,102.27
2015-06-02,111.11,114.99,100.50,102.27,2579600,102.27
2015-06-01,99.98,110.00,97.00,110.00,2679700,110.00
2015-05-29,89.00,100.00,85.40,100.00,3206200,100.00
2015-05-28,94.33,98.90,92.33,92.33,4254100,92.33
2015-05-27,85.66,89.91,81.90,89.91,3184400,89.91
2015-05-26,74.53,81.74,74.53,81.74,3716500,81.74
2015-05-25,78.01,78.51,74.24,74.31,4342700,74.31
2015-05-22,94.00,94.99,79.56,82.49,5544200,82.49
2015-05-21,124.9999,133.0999,121.0001,133.0999,2637900,88.2333
2015-05-20,111.00,121.0001,111.00,121.0001,2139200,80.2122
2015-05-19,114.12,115.86,105.00,109.9999,2106100,72.9201
2015-05-18,103.23,110.78,99.70,110.78,2875000,73.4372
2015-05-15,93.77,100.71,88.00,100.71,4294600,66.7617
2015-05-14,84.7999,91.5499,84.7999,91.5499,2613000,60.6894
2015-05-13,75.20,83.23,73.06,83.23,3703900,55.174
2015-05-12,76.94,77.28,74.40,75.66,2435200,50.1558
2015-05-11,75.50,78.7001,73.00,77.45,2841100,51.3424
2015-05-08,74.34,77.50,72.50,75.52,2285400,50.063
2015-05-07,70.00,73.60,67.50,73.19,2716400,48.5184
2015-05-06,69.7999,73.68,69.27,69.39,2236000,45.9993
2015-05-05,68.8099,70.48,65.80,69.8899,1650000,46.3308
2015-05-04,63.57,70.6099,61.9001,70.00,3331300,46.4037
2015-05-01,64.19,64.19,64.19,64.19,000,42.5522
2015-04-30,62.75,64.9601,62.72,64.19,1217600,42.5522
2015-04-29,61.9001,63.98,61.50,62.91,925800,41.7037
2015-04-28,65.7799,65.88,61.4201,61.83,1523500,40.9877
2015-04-27,65.22,67.25,65.01,65.56,1412500,43.4604
2015-04-24,66.50,66.50,63.9101,65.22,1657000,43.235
2015-04-23,66.57,68.5999,65.88,67.29,2013100,44.6072
2015-04-22,66.50,67.3901,65.50,66.5599,1761900,44.1233
2015-04-21,61.94,66.75,61.1801,66.4001,2875900,44.0173
2015-04-20,63.6701,65.32,60.55,63.3499,1737800,41.9953
2015-04-17,63.00,64.00,62.50,63.60,1251400,42.1611
2015-04-16,62.59,65.49,61.40,62.5999,1211300,41.4981
2015-04-15,66.17,66.7001,61.50,62.59,1890900,41.4916
2015-04-14,69.57,69.90,65.6501,66.71,2223000,44.2227
2015-04-13,66.8899,72.00,66.8299,69.57,2212600,46.1187
2015-04-10,66.7999,68.85,65.55,66.90,2188200,44.3487
2015-04-09,65.21,68.3299,61.00,67.65,2892500,44.8459
2015-04-08,70.51,71.40,64.3099,66.3799,4038700,44.0039
2015-04-07,68.2999,74.3299,67.50,70.97,2768900,47.0467
2015-04-06,67.8199,67.8199,67.8199,67.8199,000,44.9585
2015-04-03,66.0499,68.97,66.0499,67.8199,3548200,44.9585
2015-04-02,60.2899,65.98,60.10,65.98,4162600,43.7388
2015-04-01,58.20,60.48,58.03,59.98,1949600,39.7614
2015-03-31,58.0999,59.48,55.50,58.30,2879700,38.6477
2015-03-30,61.00,61.48,57.60,58.48,2380600,38.767
2015-03-27,58.00,61.30,57.50,60.68,3274900,40.2254
2015-03-26,60.10,61.48,58.11,58.60,3106800,38.8466
2015-03-25,61.52,62.48,60.0499,61.00,2655500,40.4375
2015-03-24,62.85,63.20,59.01,61.46,3295700,40.7424
2015-03-23,63.4301,64.00,61.50,62.0899,2625100,41.1601
2015-03-20,60.50,64.50,60.50,62.61,3408100,41.5048
2015-03-19,61.0999,61.20,59.80,60.12,1549200,39.8542
2015-03-18,60.90,63.8801,60.02,61.51,2651900,40.7756
2015-03-17,60.7001,62.98,59.01,61.8499,2860600,41.001
2015-03-16,55.80,61.60,55.80,60.49,4218600,40.0995
2015-03-13,52.98,56.00,52.0999,56.00,2658100,37.1229
2015-03-12,53.76,53.76,51.7001,52.9001,1943600,35.068
2015-03-11,54.98,55.30,53.50,54.4001,1886500,36.0623
2015-03-10,53.22,54.77,53.10,54.45,3039400,36.0955
2015-03-09,51.7001,54.99,51.02,54.07,4378200,35.8436
2015-03-06,49.50,52.5799,48.10,52.06,4957200,34.5111
2015-03-05,46.09,50.77,45.90,49.60,5978400,32.8804
2015-03-04,45.68,46.3901,45.68,46.1501,1774100,30.5933
2015-03-03,46.21,47.04,45.8801,46.0099,2257600,30.5005
2015-03-02,44.25,46.93,43.8701,46.7801,3394700,31.011
2015-02-27,43.9001,44.06,43.35,43.89,781300,29.0951
2015-02-26,42.9101,44.15,42.90,43.68,960200,28.9559
2015-02-25,44.30,44.4799,42.80,42.8599,703600,28.4123
2015-02-24,44.25,44.25,44.25,44.25,000,29.3338
2015-02-23,44.25,44.25,44.25,44.25,000,29.3338
2015-02-20,44.25,44.25,44.25,44.25,000,29.3338
2015-02-19,44.25,44.25,44.25,44.25,000,29.3338
2015-02-18,44.25,44.25,44.25,44.25,000,29.3338
2015-02-17,44.5999,44.91,43.95,44.25,817100,29.3338
2015-02-16,44.40,44.85,43.9001,44.5999,819300,29.5658
2015-02-13,43.8799,44.79,43.70,44.2301,1198700,29.3205
2015-02-12,42.95,43.8799,42.72,43.68,983500,28.9559
2015-02-11,42.04,42.80,42.04,42.6199,669900,28.2532
2015-02-10,41.80,42.6401,41.73,42.30,818500,28.0411
2015-02-09,42.4999,42.4999,41.88,41.88,697900,27.7627
2015-02-06,43.95,43.95,42.3701,42.5201,1012700,28.187
2015-02-05,44.90,44.9801,43.9999,43.9999,1062700,29.168
2015-02-04,45.4699,45.75,44.52,44.59,1068700,29.5592
2015-02-03,43.65,45.85,43.65,45.4901,1841600,30.1558
2015-02-02,43.58,44.55,43.21,43.80,808600,29.0355
2015-01-30,45.46,45.80,44.40,44.40,840200,29.4332
2015-01-29,45.67,46.29,45.31,45.45,710300,30.1293
2015-01-28,45.9101,46.4899,45.63,46.02,902900,30.5071
2015-01-27,46.32,46.84,45.83,46.02,1008200,30.5071
2015-01-26,46.18,46.7501,46.05,46.53,879600,30.8452
2015-01-23,47.90,47.90,46.30,46.3699,1782700,30.7391
2015-01-22,47.0201,47.9899,46.77,47.78,1841000,31.6738
2015-01-21,47.33,48.36,47.0201,47.5001,3833400,31.4883
2015-01-20,44.52,47.47,44.52,47.18,3497100,31.2761
2015-01-19,43.9001,46.69,43.5101,44.80,3476300,29.6984
2015-01-16,42.7601,44.7199,42.46,44.3899,2252600,29.4265
2015-01-15,41.95,44.08,41.95,42.70,1399400,28.3063
2015-01-14,42.60,42.7601,41.92,41.95,1276600,27.8091
2015-01-13,41.88,43.60,41.88,43.0001,1323800,28.5052
2015-01-12,43.4899,43.4899,41.7499,41.95,1847100,27.8091
2015-01-09,43.9999,44.83,43.72,43.9001,1310100,29.1018
2015-01-08,44.5001,45.17,44.31,44.3599,1631900,29.4067
2015-01-07,46.0001,46.17,44.20,44.5001,2147800,29.4995
2015-01-06,44.5001,46.6399,44.22,46.18,2066800,30.6132
2015-01-05,46.45,46.45,44.90,45.45,2445000,30.1293
2015-01-02,47.69,47.69,47.69,47.69,000,31.6142
2015-01-01,47.69,47.69,47.69,47.69,000,31.6142
2014-12-31,47.04,48.1601,46.6099,47.69,2255200,31.6142
2014-12-30,47.30,48.30,46.0999,47.30,2244900,31.3556
2014-12-29,47.7499,48.36,46.0099,47.6299,2643200,31.5744
2014-12-26,47.97,50.48,47.40,48.48,3663900,32.1379
2014-12-25,48.57,49.0999,46.55,48.50,4182400,32.1511
2014-12-24,46.3901,49.00,45.80,48.51,4571700,32.1578
2014-12-23,43.81,47.9801,43.7501,45.4001,4405700,30.0962
2014-12-22,46.9999,46.9999,43.6301,43.80,4021800,29.0355
2014-12-19,49.99,50.79,47.20,47.5999,4458700,31.5545
2014-12-18,54.50,54.68,50.73,50.8601,8195400,33.7156
2014-12-17,59.90,59.90,56.15,56.37,13515400,37.3682
2014-12-16,58.73,58.73,58.73,58.73,492500,38.9327
2014-12-15,53.3899,53.3899,53.3899,53.3899,133600,35.3927
2014-12-12,48.54,48.54,48.54,48.54,130200,32.1777
2014-12-11,44.13,44.13,44.13,44.13,87000,29.2542
2014-12-10,40.1201,40.1201,40.1201,40.1201,65900,26.596
2014-12-09,36.4699,36.4699,36.4699,36.4699,20500,24.1763
2014-12-08,33.15,33.15,33.15,33.15,10800,21.9755
2014-12-05,30.1399,30.1399,30.1399,30.1399,3400,19.9801
2014-12-04,27.4001,27.4001,27.4001,27.4001,3000,18.1638
2014-12-03,20.76,24.9101,20.76,24.9101,20800,16.5131
