Date,Open,High,Low,Close,Volume,Adj Close
2015-11-13,46.70,47.47,42.91,44.50,4330800,44.50
2015-11-12,46.50,49.37,45.14,47.62,4801400,47.62
2015-11-11,43.46,47.38,43.22,46.05,3341600,46.05
2015-11-10,43.38,44.50,42.50,43.21,3082000,43.21
2015-11-09,42.56,45.53,40.90,44.18,4127900,44.18
2015-11-06,39.98,41.99,39.50,41.53,3254600,41.53
2015-11-05,40.04,41.43,39.02,39.38,3202700,39.38
2015-11-04,39.30,40.75,39.30,40.47,3823100,40.47
2015-11-03,37.90,39.44,37.58,39.15,3377500,39.15
2015-11-02,36.00,39.80,35.81,37.90,3493100,37.90
2015-10-30,36.97,37.92,36.28,36.88,1916800,36.88
2015-10-29,36.02,37.45,35.67,37.21,1972000,37.21
2015-10-28,37.00,37.98,35.70,36.02,1597600,36.02
2015-10-27,36.96,37.87,34.73,37.48,2656700,37.48
2015-10-26,37.00,37.20,36.20,37.20,2606500,37.20
2015-10-23,36.11,37.44,35.15,36.98,3198300,36.98
2015-10-22,33.72,36.96,33.52,36.30,3019600,36.30
2015-10-21,38.39,39.10,34.56,34.56,3111200,34.56
2015-10-20,39.00,39.00,37.40,38.40,3364300,38.40
2015-10-19,37.80,39.65,36.93,39.05,4927800,39.05
2015-10-16,38.00,38.00,36.38,37.79,4039100,37.79
2015-10-15,36.39,37.78,35.88,37.42,3415400,37.42
2015-10-14,36.70,37.50,35.81,36.38,2821200,36.38
2015-10-13,36.45,38.00,36.20,37.01,3772000,37.01
2015-10-12,36.23,38.50,35.81,37.50,8838800,37.50
2015-10-09,37.00,38.80,34.97,37.05,6830100,37.05
2015-10-08,33.00,36.06,32.35,36.06,5583900,36.06
2015-10-07,32.78,32.78,32.78,32.78,000,32.78
2015-10-06,32.78,32.78,32.78,32.78,000,32.78
2015-10-05,32.78,32.78,32.78,32.78,000,32.78
2015-10-02,32.78,32.78,32.78,32.78,000,32.78
2015-10-01,32.78,32.78,32.78,32.78,000,32.78
2015-09-30,29.80,32.78,29.80,32.78,5150400,32.78
2015-09-29,30.00,30.44,29.50,29.80,1033400,29.80
2015-09-28,28.90,28.90,28.90,28.90,000,28.90
2015-09-25,31.55,31.95,28.76,28.90,1299900,28.90
2015-09-24,31.76,31.99,31.20,31.96,1262900,31.96
2015-09-23,31.50,31.95,30.82,31.28,1384600,31.28
2015-09-22,32.49,32.82,31.05,32.20,3254200,32.20
2015-09-21,31.00,33.60,28.30,32.49,3659100,32.49
2015-09-18,29.41,31.35,29.27,31.35,2428200,31.35
2015-09-17,26.91,30.27,26.91,29.90,2552400,29.90
2015-09-16,25.22,27.72,25.22,27.52,755300,27.52
2015-09-15,27.00,27.73,25.20,25.20,895500,25.20
2015-09-14,30.83,31.33,27.70,28.00,691200,28.00
2015-09-11,30.12,31.11,30.12,30.75,533100,30.75
2015-09-10,30.61,31.02,30.00,30.10,744600,30.10
2015-09-09,29.91,31.19,29.91,30.96,1405400,30.96
2015-09-08,28.50,30.28,28.11,30.04,861300,30.04
2015-09-07,28.00,29.50,28.00,28.71,581000,28.71
2015-09-04,27.86,27.86,27.86,27.86,000,27.86
2015-09-03,27.86,27.86,27.86,27.86,000,27.86
2015-09-02,27.26,29.50,27.00,27.86,509200,27.86
2015-09-01,30.01,30.01,28.30,28.51,864900,28.51
2015-08-31,33.09,33.09,30.49,30.49,868000,30.49
2015-08-28,31.58,33.85,31.00,33.50,1536300,33.50
2015-08-27,31.50,32.10,28.44,31.52,1422100,31.52
2015-08-26,31.70,32.88,28.06,30.90,1887000,30.90
2015-08-25,30.79,34.99,30.78,30.78,3018000,30.78
2015-08-24,35.77,36.94,34.20,34.20,1238100,34.20
2015-08-21,37.50,38.00,34.67,38.00,1662400,38.00
2015-08-20,39.99,39.99,38.00,38.00,1011300,38.00
2015-08-19,38.60,41.80,36.01,40.39,1781200,40.39
2015-08-18,42.02,42.37,38.40,39.77,2522900,39.77
2015-08-17,41.98,43.00,40.50,42.67,1835400,42.67
2015-08-14,41.41,42.30,41.30,42.06,1723500,42.06
2015-08-13,40.53,41.62,40.07,41.35,1636700,41.35
2015-08-12,40.35,42.47,39.80,40.60,2405100,40.60
2015-08-11,40.15,41.23,39.61,40.70,2461100,40.70
2015-08-10,38.90,40.70,38.81,40.01,2326800,40.01
2015-08-07,38.47,39.70,38.00,38.90,1414100,38.90
2015-08-06,38.10,39.20,37.10,37.87,1363500,37.87
2015-08-05,39.88,40.69,38.74,39.40,2609400,39.40
2015-08-04,37.66,40.40,37.24,40.37,2829700,40.37
2015-08-03,38.32,40.38,36.95,37.73,2456100,37.73
2015-07-31,35.10,39.29,34.91,38.60,2821500,38.60
2015-07-30,35.40,38.80,32.32,36.29,2512200,36.29
2015-07-29,33.50,35.48,31.82,35.48,1785600,35.48
2015-07-28,31.50,35.17,30.77,32.25,1410200,32.25
2015-07-27,37.29,38.75,34.18,34.18,1585700,34.18
2015-07-24,39.51,40.49,37.80,37.98,2225900,37.98
2015-07-23,36.60,39.88,36.41,39.78,2265800,39.78
2015-07-22,36.11,37.20,35.40,36.40,1133200,36.40
2015-07-21,35.17,36.99,34.58,36.32,1090600,36.32
2015-07-20,35.87,36.80,35.02,35.51,1146900,35.51
2015-07-17,33.66,36.20,33.66,35.82,1080400,35.82
2015-07-16,32.99,35.00,29.99,33.61,1892400,33.61
2015-07-15,35.16,35.70,32.99,32.99,1543700,32.99
2015-07-14,35.99,38.66,34.48,36.66,3230300,36.66
2015-07-13,34.50,35.49,32.69,35.49,2175100,35.49
2015-07-10,31.28,32.26,30.00,32.26,1270600,32.26
2015-07-09,25.05,29.33,25.05,29.33,1920800,29.33
2015-07-08,25.61,28.98,25.61,26.66,4087500,26.66
2015-07-07,30.00,30.61,28.45,28.45,1661300,28.45
2015-07-06,32.99,32.99,26.99,31.61,3968500,31.61
2015-07-03,31.71,34.10,29.99,29.99,2090800,29.99
2015-07-02,37.20,37.56,33.31,33.32,1497700,33.32
2015-07-01,39.00,42.00,37.00,37.01,1987000,37.01
2015-06-30,38.50,41.50,34.94,41.00,2125700,41.00
2015-06-29,43.71,44.05,38.82,38.82,2202700,38.82
2015-06-26,46.75,46.75,43.13,43.13,1581200,43.13
2015-06-25,47.08,49.87,46.81,47.92,2259800,47.92
2015-06-24,47.00,47.99,46.19,47.50,1814000,47.50
2015-06-23,45.75,47.10,43.01,47.10,1751200,47.10
2015-06-22,45.46,45.46,45.46,45.46,000,45.46
2015-06-19,49.66,49.66,45.45,45.46,1558600,45.46
2015-06-18,52.00,53.50,50.38,50.50,1403500,50.50
2015-06-17,50.16,52.46,49.53,52.29,1616200,52.29
2015-06-16,52.30,52.34,49.82,50.13,1975600,50.13
2015-06-15,55.43,55.44,52.35,52.61,2169000,52.61
2015-06-12,56.44,56.98,54.23,55.50,2525300,55.50
2015-06-11,55.49,57.60,54.82,56.17,2796400,56.17
2015-06-10,53.00,56.19,52.20,55.44,2700300,55.44
2015-06-09,51.73,53.95,51.00,53.21,1890100,53.21
2015-06-08,57.01,57.30,51.00,52.23,3151600,52.23
2015-06-05,57.33,58.60,55.41,56.51,2331700,56.51
2015-06-04,60.17,60.17,54.75,56.68,3210400,56.68
2015-06-03,63.77,63.80,59.00,60.83,2955800,60.83
2015-06-02,58.62,64.50,57.67,63.40,5162800,63.40
2015-06-01,57.40,59.60,55.40,59.39,5031200,59.39
2015-05-29,61.10,63.11,54.00,57.60,6961400,57.60
2015-05-28,70.24,70.35,59.00,60.00,10686000,60.00
2015-05-27,62.50,63.95,61.00,63.95,5935300,63.95
2015-05-26,53.31,58.22,53.08,58.22,6575900,58.14
2015-05-25,50.76,53.60,49.35,52.93,4780000,52.86
2015-05-22,51.70,53.60,50.51,51.52,4125300,51.45
2015-05-21,50.37,54.73,50.00,52.03,5608400,51.96
2015-05-20,49.29,52.33,46.90,49.75,5291500,49.68
2015-05-19,51.35,52.74,48.81,49.31,4650300,49.24
2015-05-18,47.61,51.37,46.35,51.35,5754600,51.28
2015-05-15,48.37,51.20,47.05,48.11,6324400,48.04
2015-05-14,45.67,48.28,45.00,48.24,4957300,48.17
2015-05-13,44.00,46.66,43.20,45.66,5212100,45.60
2015-05-12,43.53,44.97,43.03,44.72,3852200,44.66
2015-05-11,43.40,43.69,42.10,43.52,4039600,43.46
2015-05-08,40.68,42.62,40.40,42.60,3823900,42.54
2015-05-07,39.98,40.85,39.82,40.68,2308900,40.62
2015-05-06,40.00,40.89,39.82,39.95,1852500,39.89
2015-05-05,40.90,41.11,39.41,39.79,2068200,39.73
2015-05-04,41.55,41.96,40.66,40.79,3058100,40.73
2015-05-01,41.31,41.31,41.31,41.31,000,41.25
2015-04-30,41.10,41.68,41.10,41.31,2341100,41.25
2015-04-29,40.30,41.68,39.18,41.50,4025600,41.44
2015-04-28,45.80,45.98,41.15,41.15,5949700,41.09
2015-04-27,45.57,45.98,45.20,45.72,2709700,45.66
2015-04-24,45.81,46.30,45.30,45.60,2023500,45.54
2015-04-23,46.80,47.00,45.71,46.34,3085100,46.27
2015-04-22,46.55,46.97,45.88,46.79,3922600,46.72
2015-04-21,45.40,47.45,45.00,47.00,1944300,46.93
2015-04-20,47.00,47.00,44.04,45.97,1470300,45.91
2015-04-17,47.30,48.20,45.40,48.00,1602000,47.93
2015-04-16,48.20,48.21,44.60,46.71,847600,46.64
2015-04-15,50.55,50.55,47.10,48.65,1114900,48.58
2015-04-14,50.20,51.50,49.03,50.45,1627900,50.38
2015-04-13,48.80,51.99,48.80,51.00,1340500,50.93
2015-04-10,49.20,50.48,48.09,49.15,1039500,49.08
2015-04-09,51.02,51.85,47.00,49.57,697300,49.50
2015-04-08,53.55,53.70,50.90,51.99,941500,51.92
2015-04-07,49.67,54.88,48.70,53.90,2711300,53.82
2015-04-06,50.18,50.18,50.18,50.18,000,50.11
2015-04-03,51.50,51.50,50.10,50.18,1094600,50.11
2015-04-02,50.98,53.18,50.85,52.00,1015600,51.93
2015-04-01,50.85,51.80,50.30,50.98,1029300,50.91
2015-03-31,50.67,51.88,49.01,51.00,1258700,50.93
2015-03-30,50.30,53.19,48.35,50.99,2247800,50.92
2015-03-27,45.44,50.06,43.44,50.06,2425700,49.99
2015-03-26,45.18,48.60,44.40,45.51,1204100,45.45
2015-03-25,44.66,46.40,44.01,45.12,1093300,45.06
2015-03-24,44.28,45.85,42.09,45.47,1610100,45.41
2015-03-23,44.20,45.00,43.30,44.28,971800,44.22
2015-03-20,43.68,45.31,43.05,44.28,1315900,44.22
2015-03-19,45.14,45.20,43.03,43.68,1617900,43.62
2015-03-18,44.89,45.48,44.29,45.14,1254900,45.08
2015-03-17,44.80,46.63,44.00,45.78,2365700,45.72
2015-03-16,43.58,45.95,42.60,45.90,2417300,45.84
2015-03-13,40.12,44.82,39.83,43.58,3751700,43.52
2015-03-12,38.80,41.30,36.65,40.80,2671000,40.74
2015-03-11,40.41,40.75,38.10,39.30,1724900,39.24
2015-03-10,36.61,40.21,36.61,40.21,4233100,40.15
2015-03-09,36.50,37.40,36.00,36.55,1260800,36.50
2015-03-06,37.00,39.20,36.10,37.31,3034400,37.26
2015-03-05,32.98,36.83,32.98,36.83,6336200,36.78
2015-03-04,33.51,34.45,32.20,33.48,1833900,33.43
2015-03-03,33.06,36.20,32.80,33.51,3090300,33.46
2015-03-02,32.28,33.48,31.45,33.40,2175900,33.35
2015-02-27,31.67,32.52,31.54,32.14,1197900,32.09
2015-02-26,31.56,33.26,31.53,32.20,1532800,32.15
2015-02-25,31.35,31.78,30.70,31.53,1288900,31.49
2015-02-24,31.15,31.15,31.15,31.15,000,31.11
2015-02-23,31.15,31.15,31.15,31.15,000,31.11
2015-02-20,31.15,31.15,31.15,31.15,000,31.11
2015-02-19,31.15,31.15,31.15,31.15,000,31.11
2015-02-18,31.15,31.15,31.15,31.15,000,31.11
2015-02-17,31.52,31.75,30.70,31.15,1167000,31.11
2015-02-16,31.50,32.50,31.15,31.43,1368200,31.39
2015-02-13,31.54,32.43,31.08,31.75,2038000,31.71
2015-02-12,32.49,32.50,30.88,31.54,2565600,31.50
2015-02-11,29.80,32.50,29.67,32.50,4644600,32.45
2015-02-10,27.69,30.15,26.77,30.15,4067600,30.11
2015-02-09,28.57,29.80,28.15,28.16,2613400,28.12
2015-02-06,27.87,28.62,26.54,28.58,3420800,28.54
2015-02-05,28.14,28.22,27.61,27.89,1745400,27.85
2015-02-04,28.07,28.64,27.63,27.89,2343600,27.85
2015-02-03,26.52,28.18,26.52,28.17,3074600,28.13
2015-02-02,26.60,26.97,26.17,26.52,1240300,26.48
2015-01-30,27.72,27.90,26.52,26.52,1866100,26.48
2015-01-29,28.30,28.38,27.58,27.58,2413900,27.54
2015-01-28,29.14,29.83,28.71,28.90,2796000,28.86
2015-01-27,28.89,29.55,28.47,29.38,3052000,29.34
2015-01-26,28.71,29.08,28.50,29.03,2287400,28.99
2015-01-23,29.69,29.94,28.76,28.80,4459900,28.76
2015-01-22,29.60,30.80,29.48,30.07,6903800,30.03
2015-01-21,33.25,34.40,29.85,30.90,11249700,30.86
2015-01-20,29.39,31.56,29.31,31.56,7112000,31.52
2015-01-19,26.37,28.69,25.62,28.69,8792200,28.65
2015-01-16,24.50,26.35,24.10,26.08,2726900,26.04
2015-01-15,23.96,25.18,23.90,24.56,1595000,24.53
2015-01-14,24.30,24.37,23.90,24.03,1080300,24.00
2015-01-13,23.60,24.37,23.58,24.26,1269900,24.23
2015-01-12,25.10,25.21,23.72,23.80,1627300,23.77
2015-01-09,25.80,26.18,25.56,25.56,1347800,25.52
2015-01-08,25.70,26.35,25.62,25.80,1437600,25.76
2015-01-07,26.20,26.21,25.67,25.79,1244000,25.75
2015-01-06,25.70,26.46,25.45,26.22,1763600,26.18
2015-01-05,26.10,26.18,25.68,25.91,1545900,25.87
2015-01-02,26.47,26.47,26.47,26.47,000,26.43
2015-01-01,26.47,26.47,26.47,26.47,000,26.43
2014-12-31,26.30,26.81,25.66,26.47,1743200,26.43
2014-12-30,27.14,27.57,26.35,26.38,2030100,26.34
2014-12-29,26.40,27.24,26.06,27.24,2419900,27.20
2014-12-26,26.95,27.40,26.60,26.78,2117400,26.74
2014-12-25,27.86,27.88,26.72,27.20,2920900,27.16
2014-12-24,27.00,27.97,26.51,27.83,3084900,27.79
2014-12-23,26.19,28.85,26.13,26.92,4098600,26.88
2014-12-22,29.00,29.02,26.71,26.71,4102100,26.67
2014-12-19,30.08,30.19,28.33,29.68,7357500,29.64
2014-12-18,34.20,34.40,31.20,31.23,11156600,31.19
2014-12-17,34.49,34.49,34.49,34.49,1034400,34.44
2014-12-16,31.35,31.35,31.35,31.35,149700,31.31
2014-12-15,28.50,28.50,28.50,28.50,92800,28.46
2014-12-12,25.91,25.91,25.91,25.91,41100,25.87
2014-12-11,23.55,23.55,23.55,23.55,37400,23.52
2014-12-10,21.41,21.41,21.41,21.41,39000,21.38
2014-12-09,19.46,19.46,19.46,19.46,30000,19.43
2014-12-08,17.69,17.69,17.69,17.69,12500,17.67
2014-12-05,16.08,16.08,16.08,16.08,12900,16.06
2014-12-04,14.62,14.62,14.62,14.62,7100,14.60
2014-12-03,11.08,13.29,11.08,13.29,36000,13.27
