Date,Open,High,Low,Close,Volume,Adj Close
2015-11-13,42.66,42.66,42.66,42.66,000,42.66
2015-11-12,42.66,42.66,42.66,42.66,000,42.66
2015-11-11,42.66,42.66,42.66,42.66,000,42.66
2015-11-10,42.66,42.66,42.66,42.66,000,42.66
2015-11-09,42.66,42.66,42.66,42.66,000,42.66
2015-11-06,39.80,43.37,39.55,42.66,6126800,42.66
2015-11-05,39.70,44.01,39.70,40.02,8319800,40.02
2015-11-04,38.00,40.59,37.00,40.37,6919800,40.37
2015-11-03,35.15,38.50,35.12,38.13,6456100,38.13
2015-11-02,33.75,37.53,33.28,35.47,5389300,35.47
2015-10-30,35.25,35.39,33.80,34.71,3410500,34.71
2015-10-29,34.98,36.16,34.57,35.25,3553900,35.25
2015-10-28,34.41,36.50,34.33,34.61,4311900,34.61
2015-10-27,35.13,35.31,33.01,34.85,4108400,34.85
2015-10-26,34.12,35.89,33.61,35.42,4881600,35.42
2015-10-23,33.09,34.21,32.91,33.90,4330600,33.90
2015-10-22,31.94,33.28,31.21,33.09,4183600,33.09
2015-10-21,36.30,36.59,32.65,32.65,5403000,32.65
2015-10-20,35.50,36.90,35.08,36.28,4280800,36.28
2015-10-19,36.00,36.56,35.06,35.71,5097100,35.71
2015-10-16,34.38,37.20,33.35,36.57,7836300,36.57
2015-10-15,31.81,35.00,31.81,34.29,5085100,34.29
2015-10-14,33.43,33.79,32.31,32.38,3363100,32.38
2015-10-13,32.98,33.78,32.51,33.43,4505400,33.43
2015-10-12,31.00,33.80,31.00,33.61,6318700,33.61
2015-10-09,29.74,30.88,29.50,30.80,4470300,30.80
2015-10-08,29.00,30.55,28.62,30.08,3772000,30.08
2015-10-07,27.85,27.85,27.85,27.85,000,27.85
2015-10-06,27.85,27.85,27.85,27.85,000,27.85
2015-10-05,27.85,27.85,27.85,27.85,000,27.85
2015-10-02,27.85,27.85,27.85,27.85,000,27.85
2015-10-01,27.85,27.85,27.85,27.85,000,27.85
2015-09-30,27.92,28.58,27.66,27.85,1647700,27.85
2015-09-29,28.15,28.60,27.30,27.50,2414200,27.50
2015-09-28,28.41,28.41,28.41,28.41,000,28.41
2015-09-25,31.56,31.57,28.40,28.41,5133800,28.41
2015-09-24,31.65,31.98,30.79,31.56,4440600,31.56
2015-09-23,31.70,32.37,30.70,31.14,7013900,31.14
2015-09-22,29.84,32.65,29.51,32.47,8281400,32.47
2015-09-21,27.83,30.07,27.28,29.81,5400100,29.81
2015-09-18,29.27,29.88,28.00,28.48,4885400,28.48
2015-09-17,29.80,33.02,28.50,29.27,8683300,29.27
2015-09-16,26.05,30.56,26.03,30.50,8696900,30.50
2015-09-15,30.40,32.50,27.41,27.78,10148500,27.78
2015-09-14,27.66,30.46,27.58,30.46,5689900,30.46
2015-09-11,27.93,28.26,27.15,27.69,2980700,27.69
2015-09-10,28.50,29.00,27.60,27.65,2526600,27.65
2015-09-09,28.50,29.45,28.00,29.14,3824700,29.14
2015-09-08,26.07,28.00,25.75,27.69,2533300,27.69
2015-09-07,26.14,27.49,25.90,26.25,2349700,26.25
2015-09-04,25.71,25.71,25.71,25.71,000,25.71
2015-09-03,25.71,25.71,25.71,25.71,000,25.71
2015-09-02,26.00,29.00,25.51,25.71,3372200,25.71
2015-09-01,30.00,30.00,28.34,28.34,2864300,28.34
2015-08-31,33.00,33.86,31.49,31.49,3474700,31.49
2015-08-28,33.60,35.16,32.26,34.99,7876800,34.99
2015-08-27,32.59,35.63,32.40,33.72,6700500,33.72
2015-08-26,29.53,32.44,27.00,32.41,6635600,32.41
2015-08-25,29.53,30.50,29.49,29.49,2014700,29.49
2015-08-24,35.02,35.23,32.77,32.77,1848800,32.77
2015-08-21,38.00,39.25,35.90,36.41,2747800,36.41
2015-08-20,39.56,42.20,37.80,39.64,3962500,39.64
2015-08-19,38.00,40.66,35.77,39.67,3696600,39.67
2015-08-18,43.70,44.14,39.74,39.74,4050000,39.74
2015-08-17,42.50,44.70,41.60,44.16,4723900,44.16
2015-08-14,42.60,43.68,42.10,42.81,4378700,42.81
2015-08-13,40.40,43.28,39.90,42.60,3176800,42.60
2015-08-12,42.15,42.89,40.41,40.52,3531600,40.52
2015-08-11,43.00,44.30,42.12,43.08,5064400,43.08
2015-08-10,40.70,43.95,40.69,43.06,5279600,43.06
2015-08-07,39.08,40.50,38.88,40.21,3302300,40.21
2015-08-06,39.51,39.90,38.25,38.57,2939700,38.57
2015-08-05,40.20,41.94,39.51,40.45,4683100,40.45
2015-08-04,37.50,40.36,37.50,40.36,4311300,40.36
2015-08-03,39.00,40.60,36.47,36.70,3521000,36.70
2015-07-31,39.98,43.20,39.01,40.06,4211100,40.06
2015-07-30,45.40,45.65,41.00,41.80,5494100,41.80
2015-07-29,42.00,45.56,40.01,45.56,5772200,45.56
2015-07-28,41.43,44.30,41.42,41.42,5377700,41.42
2015-07-27,48.00,50.00,46.02,46.02,5392000,46.02
2015-07-24,55.58,56.50,50.00,51.13,8390300,51.13
2015-07-23,51.88,56.65,50.61,55.10,8769100,55.10
2015-07-22,52.09,54.12,49.50,52.65,8158300,52.65
2015-07-21,47.00,51.35,46.38,51.19,6995800,51.19
2015-07-20,48.00,51.79,47.00,48.47,7571200,48.47
2015-07-17,45.90,51.00,45.00,49.09,11024400,49.09
2015-07-16,48.08,53.42,48.08,48.08,11435700,48.08
2015-07-15,53.42,54.75,53.42,53.42,2210600,53.42
2015-07-14,62.00,66.58,59.36,59.36,10550900,59.36
2015-07-13,60.40,65.95,53.96,65.95,17453400,65.95
2015-07-10,59.95,59.95,59.95,59.95,000,59.95
2015-07-09,59.95,59.95,59.95,59.95,000,59.95
2015-07-08,59.95,59.95,59.95,59.95,000,59.95
2015-07-07,59.95,59.95,59.95,59.95,568300,59.95
2015-07-06,81.00,81.00,66.61,66.61,6646200,66.61
2015-07-03,74.01,74.01,74.01,74.01,521400,74.01
2015-07-02,87.00,89.99,82.04,82.23,4198700,82.23
2015-07-01,87.00,91.16,84.00,91.16,9051900,91.16
2015-06-30,75.80,82.87,71.70,82.87,6578800,82.87
2015-06-29,73.90,75.34,70.00,75.34,7474100,75.34
2015-06-26,64.99,70.20,61.30,68.49,6799000,68.49
2015-06-25,63.58,67.48,63.00,65.12,3794800,65.12
2015-06-24,63.80,67.32,61.26,65.24,6697400,65.24
2015-06-23,56.38,61.20,55.64,61.20,3219700,61.20
2015-06-22,55.64,55.64,55.64,55.64,000,55.64
2015-06-19,58.00,58.00,52.30,55.64,3348000,55.64
2015-06-18,64.00,64.00,56.90,58.08,3294000,58.08
2015-06-17,61.65,64.50,60.50,63.22,2388000,63.22
2015-06-16,60.11,66.30,60.10,62.18,3581200,62.18
2015-06-15,65.02,71.06,64.88,64.88,4867700,64.88
2015-06-12,77.00,78.09,68.10,72.09,9602800,72.09
2015-06-11,66.00,71.64,64.22,71.64,6809800,71.64
2015-06-10,58.49,65.13,57.52,65.13,8421200,65.13
2015-06-09,58.48,61.00,57.67,59.21,4376400,59.21
2015-06-08,63.78,63.86,59.20,59.45,6729400,59.45
2015-06-05,66.20,68.88,62.96,64.37,7484000,64.37
2015-06-04,70.88,72.48,67.09,67.09,5593300,67.09
2015-06-03,71.31,83.00,71.31,74.54,10424800,74.54
2015-06-02,80.00,83.00,79.23,79.23,4383400,79.23
2015-06-01,101.70,101.73,86.08,88.03,16292100,88.03
2015-05-29,83.50,92.48,75.71,92.48,14215900,92.48
2015-05-28,84.10,84.10,83.56,84.07,3117900,84.07
2015-05-27,76.45,76.45,76.45,76.45,36500,76.45
2015-05-26,69.50,69.50,69.50,69.50,51400,69.50
2015-05-25,63.18,63.18,63.18,63.18,129100,63.18
2015-05-22,57.44,57.44,57.44,57.44,87900,57.44
2015-05-21,52.22,52.22,52.22,52.22,53100,52.22
2015-05-20,47.47,47.47,47.47,47.47,101500,47.47
2015-05-19,43.15,43.15,43.15,43.15,51900,43.15
2015-05-18,39.23,39.23,39.23,39.23,81900,39.23
2015-05-15,35.66,35.66,35.66,35.66,162600,35.66
2015-05-14,32.42,32.42,32.42,32.42,86300,32.42
2015-05-13,29.47,29.47,29.47,29.47,119500,29.47
2015-05-12,26.79,26.79,26.79,26.79,69300,26.79
2015-05-11,24.35,24.35,24.35,24.35,72300,24.35
2015-05-08,22.14,22.14,22.14,22.14,287600,22.14
2015-05-07,20.13,20.13,20.13,20.13,479500,20.13
2015-05-06,18.30,18.30,18.30,18.30,185200,18.30
2015-05-05,16.64,16.64,16.64,16.64,142600,16.64
2015-05-04,15.13,15.13,15.13,15.13,33000,15.13
2015-05-01,13.75,13.75,13.75,13.75,000,13.75
2015-04-30,13.75,13.75,13.75,13.75,24300,13.75
2015-04-29,12.50,12.50,12.50,12.50,16600,12.50
2015-04-28,11.36,11.36,11.36,11.36,42500,11.36
2015-04-27,10.33,10.33,10.33,10.33,7900,10.33
2015-04-24,9.39,9.39,9.39,9.39,33100,9.39
