Date,Open,High,Low,Close,Volume,Adj Close
2015-11-13,14.11,14.31,13.50,13.55,11215600,13.55
2015-11-12,14.65,14.96,14.19,14.52,9051400,14.52
2015-11-11,14.60,14.72,14.35,14.65,7296000,14.65
2015-11-10,14.60,15.10,14.30,14.73,10016000,14.73
2015-11-09,14.10,14.76,13.71,14.75,14277800,14.75
2015-11-06,13.51,14.37,13.36,14.26,14533000,14.26
2015-11-05,13.60,13.95,13.27,13.45,11810500,13.45
2015-11-04,12.84,13.60,12.84,13.60,9117100,13.60
2015-11-03,13.10,13.38,12.66,12.78,8231400,12.78
2015-11-02,13.38,13.64,13.01,13.08,10299200,13.08
2015-10-30,13.36,14.06,13.10,13.74,13311800,13.74
2015-10-29,13.72,13.88,13.13,13.40,5735300,13.40
2015-10-28,13.40,13.97,13.21,13.61,9783200,13.61
2015-10-27,13.50,13.70,12.71,13.56,7652000,13.56
2015-10-26,14.18,14.21,13.42,13.54,13387800,13.54
2015-10-23,13.25,13.99,13.09,13.89,16430300,13.89
2015-10-22,12.74,13.20,12.42,13.14,10083100,13.14
2015-10-21,13.70,13.87,12.39,12.80,14694500,12.80
2015-10-20,13.28,13.76,12.99,13.75,10822800,13.75
2015-10-19,13.10,13.44,12.96,13.30,8924100,13.30
2015-10-16,13.32,13.70,12.86,13.16,8819600,13.16
2015-10-15,13.00,13.28,12.76,13.28,9335900,13.28
2015-10-14,13.39,13.70,12.91,13.10,5396200,13.10
2015-10-13,13.48,13.64,13.20,13.46,4447300,13.46
2015-10-12,12.70,13.52,12.52,13.45,7164700,13.45
2015-10-09,11.72,12.55,11.72,12.51,4861600,12.51
2015-10-08,11.68,11.95,11.53,11.76,4765300,11.76
2015-10-07,11.29,11.29,11.29,11.29,000,11.29
2015-10-06,11.29,11.29,11.29,11.29,000,11.29
2015-10-05,11.29,11.29,11.29,11.29,000,11.29
2015-10-02,11.29,11.29,11.29,11.29,000,11.29
2015-10-01,11.29,11.29,11.29,11.29,000,11.29
2015-09-30,11.12,11.42,11.05,11.29,4057000,11.29
2015-09-29,11.00,11.19,10.84,11.10,2632300,11.10
2015-09-28,10.87,10.87,10.87,10.87,000,10.87
2015-09-25,11.20,11.29,10.58,10.87,3387100,10.87
2015-09-24,11.06,11.35,11.06,11.20,3669900,11.20
2015-09-23,11.01,11.19,10.80,10.93,4567000,10.93
2015-09-22,11.45,11.60,11.02,11.25,7143600,11.25
2015-09-21,10.90,11.48,10.75,11.43,6162300,11.43
2015-09-18,10.60,11.13,10.46,11.07,5613600,11.07
2015-09-17,10.45,11.05,10.20,10.43,6878800,10.43
2015-09-16,9.70,10.48,9.55,10.48,4790800,10.48
2015-09-15,9.80,10.18,9.32,9.53,4037700,9.53
2015-09-14,10.75,10.86,9.86,9.88,7314500,9.88
2015-09-11,10.20,11.08,10.20,10.92,8150700,10.92
2015-09-10,10.50,10.78,10.14,10.22,7653300,10.22
2015-09-09,9.85,10.65,9.85,10.65,9791100,10.65
2015-09-08,9.11,9.75,9.00,9.73,7013900,9.73
2015-09-07,8.90,9.46,8.90,9.11,6066200,9.11
2015-09-04,8.80,8.80,8.80,8.80,000,8.80
2015-09-03,8.80,8.80,8.80,8.80,000,8.80
2015-09-02,8.28,9.15,8.24,8.80,6642600,8.80
2015-09-01,9.33,9.46,8.60,8.78,7761000,8.78
2015-08-31,10.18,10.18,9.50,9.55,8939900,9.55
2015-08-28,9.76,10.25,9.61,10.23,9312800,10.23
2015-08-27,9.29,9.86,8.93,9.50,5273800,9.50
2015-08-26,9.88,10.23,9.01,9.15,7832500,9.15
2015-08-25,9.93,10.20,9.93,9.93,4577200,9.93
2015-08-24,11.58,11.65,11.03,11.03,2852800,11.03
2015-08-21,12.87,13.10,11.99,12.25,4878700,12.25
2015-08-20,13.20,13.36,12.72,12.95,5117700,12.95
2015-08-19,12.50,13.57,12.10,13.37,6380100,13.37
2015-08-18,14.44,14.79,12.97,13.02,10966200,13.02
2015-08-17,14.24,14.55,14.10,14.41,6374000,14.41
2015-08-14,14.55,14.72,14.11,14.38,8383500,14.38
2015-08-13,13.70,14.36,13.61,14.33,6874600,14.33
2015-08-12,14.15,14.48,13.81,13.85,6984600,13.85
2015-08-11,14.39,14.68,14.06,14.41,9357200,14.41
2015-08-10,13.55,14.55,13.50,14.37,10784800,14.37
2015-08-07,12.68,13.50,12.56,13.39,10207300,13.39
2015-08-06,12.00,12.77,11.90,12.49,6366400,12.49
2015-08-05,12.63,12.98,12.13,12.40,11318300,12.40
2015-08-04,11.38,12.68,11.32,12.67,13728900,12.67
2015-08-03,12.95,12.98,11.53,11.53,9801000,11.53
2015-07-31,13.65,14.10,12.80,12.81,10146500,12.81
2015-07-30,14.15,15.00,13.83,13.95,12050200,13.95
2015-07-29,13.59,14.66,12.70,14.59,7452100,14.59
2015-07-28,12.51,13.87,12.06,13.46,9100700,13.46
2015-07-27,14.30,15.27,13.37,13.38,11406300,13.38
2015-07-24,15.41,15.58,14.61,14.85,8726900,14.85
2015-07-23,15.17,15.90,15.03,15.49,8576000,15.49
2015-07-22,14.76,15.28,14.55,15.17,9147700,15.17
2015-07-21,14.19,14.98,13.90,14.62,8983700,14.62
2015-07-20,14.28,15.25,14.00,14.53,14833300,14.53
2015-07-17,13.07,14.29,13.07,14.23,12316200,14.23
2015-07-16,12.17,13.39,11.36,13.07,17784500,13.07
2015-07-15,12.39,12.39,11.26,12.29,34083800,12.29
2015-07-14,11.26,11.26,11.26,11.26,101600,11.26
2015-07-13,10.24,10.24,10.24,10.24,173700,10.24
2015-07-10,9.31,9.31,9.31,9.31,000,9.31
2015-07-09,9.31,9.31,9.31,9.31,000,9.31
2015-07-08,9.31,9.31,9.31,9.31,000,9.31
2015-07-07,9.65,10.31,9.31,9.31,14511000,9.31
2015-07-06,12.64,12.64,10.34,10.34,19427300,10.34
2015-07-03,11.52,13.31,11.49,11.49,17415500,11.49
2015-07-02,13.50,14.00,12.77,12.77,12358700,12.77
2015-07-01,15.10,16.08,14.19,14.19,12238600,14.19
2015-06-30,14.32,16.10,13.71,15.77,23054400,15.77
2015-06-29,17.22,17.22,15.23,15.23,7634400,15.23
2015-06-26,18.28,18.28,16.92,16.92,7207200,16.92
2015-06-25,19.82,20.32,18.13,18.80,7651000,18.80
2015-06-24,19.05,19.85,18.82,19.46,7781700,19.46
2015-06-23,19.28,19.79,17.38,18.95,8432000,18.95
2015-06-22,19.31,19.31,19.31,19.31,000,19.31
2015-06-19,19.02,21.00,18.20,19.31,8536500,19.31
2015-06-18,21.50,21.50,19.61,19.61,10378700,19.61
2015-06-17,20.68,22.07,19.20,21.79,10793800,21.79
2015-06-16,22.88,22.88,21.05,21.05,11586700,21.05
2015-06-15,24.71,24.90,23.28,23.39,9300100,23.39
2015-06-12,24.68,26.35,24.50,25.03,13446100,25.03
2015-06-11,22.29,24.53,22.20,24.53,19078200,24.53
2015-06-10,21.85,22.80,21.01,22.30,9240100,22.30
2015-06-09,22.17,22.40,21.03,21.98,7758300,21.98
2015-06-08,22.10,22.65,20.42,22.65,13654900,22.65
2015-06-05,23.40,24.26,21.50,22.68,10580400,22.68
2015-06-04,23.02,23.98,21.02,23.00,10284100,23.00
2015-06-03,23.60,24.59,22.36,23.35,13844800,23.35
2015-06-02,20.88,23.27,20.65,23.27,15097200,23.27
2015-06-01,20.70,21.51,20.18,21.15,12266900,21.15
2015-05-29,19.78,21.00,18.00,20.50,13455900,20.50
2015-05-28,20.23,22.00,19.70,20.00,16241700,20.00
2015-05-27,20.10,20.70,18.75,20.07,16744000,20.07
2015-05-26,18.22,19.70,18.21,19.70,17737900,19.70
2015-05-25,17.90,18.31,17.10,17.91,13262700,17.91
2015-05-22,19.25,19.30,18.08,18.43,15220900,18.43
2015-05-21,18.30,19.26,18.15,19.20,23772600,19.20
2015-05-20,16.60,17.78,16.60,17.78,17596800,17.78
2015-05-19,15.79,16.22,15.25,16.16,12748200,16.16
2015-05-18,14.88,15.76,14.88,15.76,10832300,15.76
2015-05-15,15.20,15.22,14.62,14.86,7051400,14.86
2015-05-14,15.70,15.85,15.35,15.39,6880000,15.39
2015-05-13,15.33,15.80,14.93,15.74,12441200,15.74
2015-05-12,16.28,16.99,15.55,15.67,17445500,15.67
2015-05-11,14.62,15.73,14.41,15.50,10351600,15.50
2015-05-08,13.98,14.45,13.97,14.45,5949400,14.45
2015-05-07,14.24,14.59,13.80,13.83,4533000,13.83
2015-05-06,13.82,14.78,13.81,14.30,6118700,14.30
2015-05-05,14.19,14.57,13.68,13.91,4881600,13.91
2015-05-04,14.39,14.49,14.01,14.19,3471200,14.19
2015-05-01,14.44,14.44,14.44,14.44,000,14.44
2015-04-30,14.71,14.80,14.35,14.44,3934300,14.44
2015-04-29,14.27,14.74,14.20,14.67,4407300,14.67
2015-04-28,15.0311,15.2374,14.0624,14.3561,7919600,8.91
2015-04-27,15.4061,16.0624,14.9374,15.0687,9546900,9.35227
2015-04-24,24.64992,24.64992,23.85999,24.19999,7003300,15.01953
2015-04-23,25.40992,25.90,24.71999,24.96,7592500,15.49122
2015-04-22,24.50991,26.14,24.50991,25.54992,11492800,15.85736
2015-04-21,23.34991,24.88992,23.01006,24.54991,9592300,15.23671
2015-04-20,24.19999,24.96,23.23007,23.43999,12947300,14.54784
2015-04-17,21.91998,23.89999,21.91998,23.89999,12299100,14.83334
2015-04-16,21.61998,22.4699,21.09997,21.73006,7848100,13.48659
2015-04-15,23.37999,23.41007,21.89998,22.09006,8829500,13.71002
2015-04-14,23.95999,23.96991,23.29999,23.41007,5888000,14.52927
2015-04-13,23.81007,24.16991,23.09998,23.89007,8696600,14.82718
2015-04-10,23.26991,24.36991,22.7699,23.85999,6200900,14.80851
2015-04-09,24.09999,24.19007,22.29006,23.41007,7893000,14.52927
2015-04-08,25.70,25.70,23.99999,24.21007,6565400,15.02579
2015-04-07,25.60992,26.18,24.88,25.34,8649600,15.72707
2015-04-06,25.80,25.80,25.80,25.80,000,16.01257
2015-04-03,24.90,26.34992,24.59999,25.80,6557700,16.01257
2015-04-02,24.67999,25.14,24.19007,25.04992,6750800,15.54703
2015-04-01,22.99006,25.32,22.51998,24.66991,9174300,15.31119
2015-03-31,22.29006,23.59999,21.77006,23.04991,9495500,14.30574
2015-03-30,21.69998,22.29998,20.87997,22.29998,8885700,13.84031
2015-03-27,21.83998,22.19006,20.79997,21.67998,7297400,13.45551
2015-03-26,22.45998,22.45998,21.17005,21.51997,9517400,13.3562
2015-03-25,22.99998,23.49999,21.87006,22.8699,13807500,14.19402
2015-03-24,20.99997,22.61006,20.99005,22.61006,17125600,14.03276
2015-03-23,18.69996,20.55005,18.69996,20.55005,11139300,12.75423
2015-03-20,18.51004,18.99996,18.49996,18.67996,5860000,11.59357
2015-03-19,18.25004,18.77004,17.95003,18.45004,8714200,11.45087
2015-03-18,18.25995,18.37996,17.87995,18.23996,6483500,11.32048
2015-03-17,17.75003,18.49996,17.67995,18.07995,11475500,11.22118
2015-03-16,16.89995,17.79003,16.87003,17.69995,11131800,10.98533
2015-03-13,16.71994,16.97003,16.71994,16.85003,3706900,10.45784
2015-03-12,16.59994,16.95003,16.53994,16.69994,5073500,10.36469
2015-03-11,17.05003,17.05003,16.53994,16.69002,5203200,10.35853
2015-03-10,17.13995,17.13995,16.85995,17.05003,5451200,10.58196
2015-03-09,17.09995,17.21003,16.77995,17.05003,3517200,10.58196
2015-03-06,17.97003,17.99003,17.01995,17.09003,6235200,10.60679
2015-03-05,17.21995,17.95995,17.11003,17.87995,8585300,11.09705
2015-03-04,16.97995,17.25995,16.89995,17.25995,3354700,10.71225
2015-03-03,17.15003,17.45003,17.01003,17.01003,5784700,10.55714
2015-03-02,17.29995,17.49995,17.05995,17.47995,6822800,10.84879
2015-02-27,16.81994,17.33003,16.77003,17.29995,4859900,10.73708
2015-02-26,16.91003,17.37995,16.63002,16.81994,6789400,10.43917
2015-02-25,17.13003,17.45003,16.91995,16.93995,5197600,10.51364
2015-02-24,17.01003,17.01003,17.01003,17.01003,000,10.55714
2015-02-23,17.01003,17.01003,17.01003,17.01003,000,10.55714
2015-02-20,17.01003,17.01003,17.01003,17.01003,000,10.55714
2015-02-19,17.01003,17.01003,17.01003,17.01003,000,10.55714
2015-02-18,17.01003,17.01003,17.01003,17.01003,000,10.55714
2015-02-17,17.59995,17.67003,16.93003,17.01003,6926100,10.55714
2015-02-16,17.45003,17.99995,17.29003,17.59003,7902700,10.91711
2015-02-13,17.45003,17.57003,17.13003,17.45003,5998900,10.83022
2015-02-12,17.25003,17.49995,16.85995,17.45995,9688900,10.83638
2015-02-11,17.21995,17.69995,16.87995,17.21995,14348600,10.68742
2015-02-10,15.35998,16.85995,15.22998,16.85995,11855200,10.46399
2015-02-09,16.39002,16.39002,15.25998,15.32998,4852500,9.51443
2015-02-06,16.69994,16.73995,15.99999,16.19002,7761500,10.04821
2015-02-05,15.50998,16.83003,15.50998,16.83003,14498000,10.44542
2015-02-04,15.04998,15.38998,14.91,15.29998,3159100,9.49581
2015-02-03,14.85,15.02,14.77,14.97,2171800,9.29101
2015-02-02,14.72,14.95,14.68,14.74,1221800,9.14826
2015-01-30,14.95,15.14998,14.80,14.82,1773800,9.19791
2015-01-29,15.04998,15.17998,14.91,15.04998,2411200,9.34065
2015-01-28,15.25998,15.36998,15.00,15.04,2787400,9.33446
2015-01-27,15.58999,15.60999,15.15998,15.34998,1278100,9.52685
2015-01-26,15.15998,15.59999,15.15998,15.52998,2390600,9.63856
2015-01-23,15.49999,15.54999,15.15998,15.23998,1667700,9.45858
2015-01-22,15.09998,15.61999,14.83,15.49999,4842000,9.61994
2015-01-21,14.51,15.14998,14.46999,15.08998,7706200,9.36548
2015-01-20,13.90999,14.46,13.90999,14.46,2347400,8.97448
2015-01-19,14.19999,14.46,13.86999,13.96999,3225700,8.67036
2015-01-16,14.68,14.73,14.12999,14.33999,4430100,8.90
2015-01-15,14.82,14.95,14.46,14.49999,2127300,8.99931
2015-01-14,14.71,15.23998,14.64,14.73,3382600,9.14206
2015-01-13,14.33999,14.89,14.12999,14.82,2820600,9.19791
2015-01-12,14.20999,14.53999,13.99999,14.33999,1031700,8.90
2015-01-09,14.34999,14.69,14.27999,14.60,2020100,9.06137
2015-01-08,14.43999,14.49999,14.13999,14.44999,1838600,8.96827
2015-01-07,14.73,14.77,14.24999,14.38999,1955100,8.93104
2015-01-06,14.53,14.85,14.39999,14.70,2087400,9.12344
2015-01-05,14.60,14.70,14.40999,14.53,2392100,9.01793
2015-01-02,15.00,15.00,15.00,15.00,000,9.30963
2015-01-01,15.00,15.00,15.00,15.00,000,9.30963
2014-12-31,14.04999,15.00,13.80999,15.00,4319200,9.30963
2014-12-30,13.92999,14.44999,13.83999,14.14999,2410000,8.78208
2014-12-29,14.82,14.82,13.80999,13.99999,3776900,8.68898
2014-12-26,15.00,15.12998,14.85,14.89,1954100,9.24136
2014-12-25,15.00,15.24998,14.89,15.08998,3214100,9.36548
2014-12-24,14.89,15.08998,14.80,15.03,1938200,9.32825
2014-12-23,14.95,15.26998,14.64,14.98,2447700,9.29722
2014-12-22,15.23998,15.28998,14.36999,15.09998,2506500,9.37168
2014-12-19,15.19998,15.32998,14.73,15.28998,3857000,9.48961
2014-12-18,15.80999,16.17002,15.09998,15.38998,4159700,9.55167
2014-12-17,16.45002,16.45002,15.67999,15.99999,3173100,9.93027
2014-12-16,16.69994,16.69994,16.13994,16.55002,1999700,10.27164
2014-12-15,16.57994,16.77995,16.11994,16.75003,3413500,10.39577
2014-12-12,16.01002,16.59002,16.01002,16.57002,4058900,10.28405
2014-12-11,15.65999,16.09994,15.57999,16.05994,3115200,9.96748
2014-12-10,15.09998,15.84999,15.01,15.68999,3700800,9.73787
2014-12-09,15.75999,15.75999,14.81,15.10998,4846400,9.37789
2014-12-08,16.25994,16.37994,15.71999,15.75999,2834000,9.78131
2014-12-05,16.67002,16.67002,15.57999,16.31994,5604300,10.12884
2014-12-04,16.97003,16.99995,16.49994,16.69994,4584100,10.36469
2014-12-03,17.03995,17.29995,16.25994,17.05995,4456500,10.58812
2014-12-02,16.97003,17.25003,16.89003,17.05003,2451400,10.58196
2014-12-01,17.59995,17.71003,16.75003,16.99995,2820900,10.55088
2014-11-28,17.99995,18.25004,17.49995,17.71995,3287300,10.99775
2014-11-27,18.09003,18.25004,17.49995,17.99995,3087200,11.17153
2014-11-26,17.53003,18.17003,17.29995,18.07995,5389400,11.22118
2014-11-25,16.79003,17.63003,16.61994,17.51003,4031600,10.86746
2014-11-24,16.75003,16.87995,16.25002,16.81003,3210700,10.43301
2014-11-21,16.65003,16.69994,16.39994,16.65003,2365600,10.33371
2014-11-20,16.45002,16.67002,16.17002,16.63995,2083100,10.32745
2014-11-19,16.27994,16.55002,16.13994,16.45002,2696400,10.20958
2014-11-18,16.09994,16.33994,15.89999,16.27994,2034100,10.10402
2014-11-17,15.60999,16.07994,15.37998,16.03994,2791500,9.95506
2014-11-14,15.44999,15.69999,15.21998,15.55999,1590800,9.65718
2014-11-13,15.74999,15.74999,15.39999,15.68999,1854000,9.73787
2014-11-12,15.49999,15.99999,15.27998,15.82999,2630200,9.82476
2014-11-11,16.15002,16.15994,14.83,15.70999,6995800,9.75028
2014-11-10,16.09994,16.39002,15.90999,16.17994,4480400,10.04195
2014-11-07,16.03994,16.65003,16.03994,16.31994,4881200,10.12884
2014-11-06,15.94999,16.19994,15.82999,16.03002,2959100,9.9489
2014-11-05,15.96999,15.98999,15.72999,15.95999,1958400,9.90544
2014-11-04,15.97999,15.98999,15.67999,15.90999,2775800,9.87441
2014-11-03,16.29994,16.29994,15.85999,15.99999,3570100,9.93027
2014-10-31,15.87999,16.15994,15.82999,16.01002,2966400,9.93649
2014-10-30,15.34998,16.53002,15.34998,15.99999,7660500,9.93027
2014-10-29,15.33998,15.59999,15.22998,15.44999,3961300,9.58891
2014-10-28,14.80,15.46999,14.71,15.32998,5853100,9.51443
2014-10-27,14.34999,14.86,14.34999,14.66,4040100,9.09861
2014-10-24,14.51,14.70,14.30999,14.55,3869800,9.03034
2014-10-23,14.80,14.83,14.19999,14.51999,5971900,9.01172
2014-10-22,15.30998,15.42998,14.66,14.85,6228300,9.21653
2014-10-21,15.43998,15.74999,15.24998,15.28998,4442900,9.48961
2014-10-20,15.79999,15.79999,15.30998,15.55999,4712700,9.65718
2014-10-17,15.20998,15.89999,15.12998,15.59999,8989700,9.68201
2014-10-16,15.99999,16.29002,15.39999,15.39999,9708800,9.55788
2014-10-15,16.39994,16.75003,15.87999,16.17002,23308700,10.0358
2014-10-14,15.58999,15.58999,15.58999,15.58999,524800,9.6758
2014-10-13,14.16999,14.16999,14.16999,14.16999,000,8.79449
2014-10-10,14.16999,14.16999,14.16999,14.16999,000,8.79449
2014-10-09,14.16999,14.16999,14.16999,14.16999,000,8.79449
2014-10-08,14.16999,14.16999,14.16999,14.16999,000,8.79449
2014-10-07,14.16999,14.16999,14.16999,14.16999,000,8.79449
2014-10-06,14.16999,14.16999,14.16999,14.16999,000,8.79449
2014-10-03,14.16999,14.16999,14.16999,14.16999,000,8.79449
2014-10-02,14.16999,14.16999,14.16999,14.16999,000,8.79449
2014-10-01,14.16999,14.16999,14.16999,14.16999,000,8.79449
2014-09-30,14.16999,14.16999,14.16999,14.16999,000,8.79449
2014-09-29,14.16999,14.16999,14.16999,14.16999,000,8.79449
2014-09-26,14.16999,14.16999,14.16999,14.16999,000,8.79449
2014-09-25,14.16999,14.16999,14.16999,14.16999,000,8.79449
2014-09-24,14.16999,14.16999,14.16999,14.16999,000,8.79449
2014-09-23,14.16999,14.16999,14.16999,14.16999,000,8.79449
2014-09-22,14.16999,14.16999,14.16999,14.16999,000,8.79449
2014-09-19,14.16999,14.16999,14.16999,14.16999,000,8.79449
2014-09-18,14.16999,14.16999,14.16999,14.16999,000,8.79449
2014-09-17,14.16999,14.16999,14.16999,14.16999,000,8.79449
2014-09-16,14.16999,14.16999,14.16999,14.16999,000,8.79449
2014-09-15,14.16999,14.16999,14.16999,14.16999,000,8.79449
2014-09-12,13.99999,14.17999,13.90999,14.16999,4175400,8.79449
2014-09-11,14.16999,14.22999,13.89999,13.99999,4899600,8.68898
2014-09-10,14.18999,14.18999,13.79999,14.15999,3722900,8.78829
2014-09-09,14.37999,14.38999,14.07999,14.24999,4813600,8.84415
2014-09-08,14.33999,14.33999,14.33999,14.33999,000,8.90
2014-09-05,14.53,14.53999,14.22999,14.33999,3963800,8.90
2014-09-04,14.29999,14.48999,14.17999,14.42999,4620300,8.95586
2014-09-03,14.28999,14.48999,14.13999,14.29999,4718200,8.87518
2014-09-02,14.17999,14.46,14.05999,14.28999,5034500,8.86897
2014-09-01,13.89999,14.08999,13.79999,14.03999,3752800,8.71381
2014-08-29,13.89999,14.14999,13.65999,13.81999,2747900,8.57727
2014-08-28,14.05999,14.39999,13.87999,13.94999,4413600,8.65795
2014-08-27,13.59999,14.15999,13.59999,14.03999,3252500,8.71381
2014-08-26,14.19999,14.34999,13.62999,13.70999,4550700,8.509
2014-08-25,13.59999,14.26999,13.59999,14.09999,7787900,8.75105
2014-08-22,12.97999,13.45999,12.85999,13.45999,6677300,8.35384
2014-08-21,12.85999,12.98998,12.75998,12.94999,2898300,8.03731
2014-08-20,12.95999,12.95999,12.72,12.85999,3743100,7.98145
2014-08-19,13.06999,13.15999,12.79998,12.88998,5753700,8.00007
2014-08-18,12.55,13.57999,12.55,13.16999,9768600,8.17385
2014-08-15,13.02999,13.02999,13.02999,13.02999,000,8.08696
2014-08-14,13.02999,13.02999,13.02999,13.02999,000,8.08696
2014-08-13,13.02999,13.02999,13.02999,13.02999,000,8.08696
2014-08-12,13.02999,13.02999,13.02999,13.02999,000,8.08696
2014-08-11,13.02999,13.02999,13.02999,13.02999,000,8.08696
2014-08-08,13.02999,13.02999,13.02999,13.02999,000,8.08696
2014-08-07,13.02999,13.02999,13.02999,13.02999,000,8.08696
2014-08-06,13.02999,13.02999,13.02999,13.02999,000,8.08696
2014-08-05,13.02999,13.02999,13.02999,13.02999,000,8.08696
2014-08-04,13.02999,13.02999,13.02999,13.02999,000,8.08696
2014-08-01,13.02999,13.02999,13.02999,13.02999,000,8.08696
2014-07-31,13.02999,13.02999,13.02999,13.02999,000,8.08696
2014-07-30,13.02999,13.02999,13.02999,13.02999,000,8.08696
2014-07-29,13.02999,13.02999,13.02999,13.02999,000,8.08696
2014-07-28,13.02999,13.02999,13.02999,13.02999,000,8.08696
2014-07-25,13.02999,13.02999,13.02999,13.02999,000,8.08696
2014-07-24,13.02999,13.02999,13.02999,13.02999,000,8.08696
2014-07-23,13.02999,13.02999,13.02999,13.02999,000,8.08696
2014-07-22,13.02999,13.02999,13.02999,13.02999,000,8.08696
2014-07-21,13.02999,13.02999,13.02999,13.02999,000,8.08696
2014-07-18,13.02999,13.02999,13.02999,13.02999,000,8.08696
2014-07-17,13.02999,13.02999,13.02999,13.02999,000,8.08696
2014-07-16,13.02999,13.02999,13.02999,13.02999,000,8.08696
2014-07-15,13.02999,13.02999,13.02999,13.02999,000,8.08696
2014-07-14,13.02999,13.02999,13.02999,13.02999,000,8.08696
2014-07-11,13.02999,13.02999,13.02999,13.02999,000,8.08696
2014-07-10,13.39999,13.67999,12.79998,13.02999,5619300,8.08696
2014-07-09,13.24999,13.62999,13.07999,13.39999,4410100,8.3166
2014-07-08,12.99999,13.18999,12.71,13.15999,2266700,8.16764
2014-07-07,13.18999,13.43999,12.87998,13.07999,2641800,8.11799
2014-07-04,12.89998,13.19999,12.89998,13.17999,3394200,8.18005
2014-07-03,12.50,13.06999,12.26,13.02999,4622600,8.08696
2014-07-02,12.55,12.55,12.20,12.47,1881900,7.73941
2014-07-01,12.52,12.62,12.32,12.55,2080500,7.78906
2014-06-30,12.25,12.56,12.11,12.50,2331500,7.75802
2014-06-27,12.21,12.48,12.09,12.28,2185200,7.62148
2014-06-26,11.93,12.33,11.86999,12.27,3559100,7.61528
2014-06-25,11.87999,11.87999,11.59999,11.79999,2219000,7.32357
2014-06-24,11.88999,12.07,11.79999,11.92,1648200,7.39805
2014-06-23,11.69999,12.06,11.65999,11.95999,2126200,7.42288
2014-06-20,11.67999,11.74999,11.39999,11.66999,1684600,7.24289
2014-06-19,11.68999,11.89999,11.32999,11.55999,1797400,7.17462
2014-06-18,12.14,12.14,11.68999,11.74999,2547100,7.29254
2014-06-17,12.12,12.15,11.93,12.03,2063400,7.46632
2014-06-16,12.20,12.37,12.02,12.18,2221500,7.55942
2014-06-13,11.62999,12.20,11.60999,12.18,4826700,7.55942
2014-06-12,11.55999,11.84999,11.46999,11.62999,2593100,7.21806
2014-06-11,11.41999,11.49999,11.34999,11.49999,1094800,7.13738
2014-06-10,11.27999,11.47999,11.17999,11.41999,1344200,7.08773
2014-06-09,11.37999,11.51999,11.22999,11.26999,868300,6.99463
2014-06-06,11.37999,11.57999,11.31999,11.38999,1318600,7.06911
2014-06-05,11.13999,11.47999,11.12999,11.37999,1466900,7.0629
2014-06-04,11.49999,11.49999,10.97999,11.25999,1755400,6.98842
2014-06-03,11.57999,11.67999,11.40999,11.45999,1357200,7.11255
2014-06-02,11.56999,11.56999,11.56999,11.56999,000,7.18082
2014-05-30,11.64999,11.74999,11.39999,11.56999,1300900,7.18082
2014-05-29,11.87999,12.06,11.49999,11.59999,1903300,7.19944
2014-05-28,12.02,12.04,11.71999,11.98,2198600,7.43529
2014-05-27,11.69999,12.01,11.69999,11.94999,3174700,7.41667
2014-05-26,11.34999,11.78999,11.34999,11.66999,1755400,7.24289
2014-05-23,11.16999,11.32999,11.10999,11.32999,656300,7.03187
2014-05-22,11.27999,11.47999,11.13999,11.17999,1181300,6.93877
2014-05-21,11.19999,11.34999,11.07999,11.32999,1044100,7.03187
2014-05-20,10.90999,11.40999,10.89999,11.25999,2202100,6.98842
2014-05-19,10.91999,10.94999,10.42999,10.80999,1087800,6.70913
2014-05-16,10.92999,12.00,10.69999,10.94999,1801800,6.79602
2014-05-15,18.47001,18.47001,17.73001,17.75,1114700,6.78568
2014-05-14,18.11001,18.38002,17.80,18.33002,1100800,7.00741
2014-05-13,18.32001,18.32001,18.00,18.11001,1025400,6.9233
2014-05-12,17.60001,18.20002,17.46002,18.16001,1864800,6.94242
2014-05-09,17.55001,17.67,17.32001,17.32001,754800,6.62129
2014-05-08,17.17001,18.20002,16.97001,17.55001,1673000,6.70922
2014-05-07,17.66002,17.80,17.08002,17.11,1181300,6.54101
2014-05-06,17.78001,17.96001,17.61002,17.66002,1747800,6.75127
2014-05-05,17.80,17.96001,17.66002,17.84002,1002000,6.82009
2014-05-02,17.80,17.80,17.80,17.80,000,6.80479
2014-05-01,17.80,17.80,17.80,17.80,000,6.80479
2014-04-30,17.34,17.93001,17.15001,17.80,1285300,6.80479
2014-04-29,16.90002,17.40001,16.36001,17.35001,1628900,6.63276
2014-04-28,18.20002,18.20002,16.78,16.90002,2479200,6.46073
2014-04-25,17.98,18.30002,17.83001,17.83001,638600,6.81626
2014-04-24,17.88001,18.30002,17.71002,18.20002,1119400,6.95771
2014-04-23,18.40002,18.55002,17.81001,18.08,809500,6.91183
2014-04-22,18.56,18.74,18.01001,18.48002,1561800,7.06475
2014-04-21,18.65001,19.06002,18.41,18.58002,2483300,7.10298
2014-04-18,18.20002,18.75001,18.18,18.65001,2568500,7.12974
2014-04-17,18.26001,18.42001,18.08,18.15002,785600,6.9386
2014-04-16,18.40002,18.48002,18.00,18.20002,958800,6.95771
2014-04-15,17.95,18.60001,17.95,18.33002,2416200,7.00741
2014-04-14,17.97002,18.37001,17.76001,17.96001,1265000,6.86596
2014-04-11,18.03,18.03,17.61002,17.71002,1935500,6.77039
2014-04-10,18.57001,18.65001,18.10002,18.15002,2591100,6.9386
2014-04-09,18.11001,18.69,18.11001,18.44001,2608600,7.04946
2014-04-08,17.90,18.27002,17.77002,18.03,4947000,6.89272
2014-04-07,17.83001,17.83001,17.83001,17.83001,000,6.81626
2014-04-04,17.35001,17.83001,17.25001,17.83001,2633500,6.81626
2014-04-03,16.85002,17.88001,16.80002,17.35001,3756100,6.63276
2014-04-02,16.98002,17.17001,16.63,16.90002,1303400,6.46073
2014-04-01,16.62002,16.94001,16.40,16.94001,1320100,6.47602
2014-03-31,16.54001,16.69001,16.30,16.68,1779500,6.37662
2014-03-28,17.15001,17.28002,16.04002,16.50,3340200,6.30781
2014-03-27,17.70001,17.70001,17.11,17.14,1854800,6.55248
2014-03-26,17.65001,18.01001,17.65001,17.70001,2071900,6.76656
2014-03-25,17.60001,17.77002,17.30001,17.68001,1811300,6.75892
2014-03-24,18.34001,18.60001,17.48001,17.65001,5665100,6.74745
2014-03-21,17.76001,18.60001,17.22001,18.49001,3860800,7.06857
2014-03-20,18.49001,18.79,17.84002,17.84002,2374500,6.82009
2014-03-19,18.86002,18.90001,18.20002,18.46,2914900,7.0571
2014-03-18,18.95001,19.18001,18.55002,18.86002,4889000,7.21002
2014-03-17,18.18,19.10001,18.18,19.00001,4363100,7.26354
2014-03-14,18.22002,18.70001,18.01001,18.54001,3874200,7.08769
2014-03-13,17.70001,18.75001,17.60001,18.58002,5191600,7.10298
2014-03-12,17.50001,18.18,17.32001,17.80,4647100,6.80479
2014-03-11,17.09,17.60001,16.85002,17.60001,3973700,6.72833
2014-03-10,18.28,18.28,16.85002,17.20001,5260500,6.57542
2014-03-07,18.29001,18.50002,18.18,18.27002,2506200,6.98447
2014-03-06,18.66002,18.80001,18.28,18.45002,6199400,7.05328
2014-03-05,18.25002,18.77001,18.21001,18.70001,3363600,7.14886
2014-03-04,18.41,18.58002,17.71002,18.25002,4388200,6.97683
2014-03-03,17.82002,18.40002,17.64002,18.39001,3457700,7.03034
2014-02-28,17.60001,17.99002,17.00002,17.82002,4424100,6.81244
2014-02-27,18.85001,18.97,17.49002,17.60001,5548800,6.72833
2014-02-26,18.59001,18.59001,17.50001,18.47001,4616900,7.06093
2014-02-25,20.38001,20.55001,18.33002,18.60001,7890500,7.11063
2014-02-24,19.41001,20.44003,19.24002,20.37,5525600,7.78728
2014-02-21,20.00002,20.36002,19.22003,19.58,6622100,7.48527
2014-02-20,21.19001,21.22002,20.00002,20.12001,7726500,7.69171
2014-02-19,22.00001,22.17003,20.98001,21.24001,8054600,8.11987
2014-02-18,21.95001,22.97001,21.80001,21.93002,10802100,8.38366
2014-02-17,21.15002,22.03001,21.15002,21.80001,9463100,8.33396
2014-02-14,20.17001,21.50002,20.17001,21.42001,12740300,8.18869
2014-02-13,20.42,21.09001,20.10002,20.17001,7472700,7.71082
2014-02-12,20.39003,20.64002,19.90002,20.54002,5367000,7.85228
2014-02-11,20.91001,21.25002,20.19,20.50001,8044000,7.83698
2014-02-10,20.08002,21.19001,19.98002,21.10002,10562000,8.06636
2014-02-07,19.16002,20.14,18.99002,20.08002,6353100,7.67642
2014-02-06,19.28001,19.28001,19.28001,19.28001,000,7.37058
2014-02-05,19.28001,19.28001,19.28001,19.28001,000,7.37058
2014-02-03,19.28001,19.28001,19.28001,19.28001,000,7.37058
2014-01-31,19.28001,19.28001,19.28001,19.28001,000,7.37058
2014-01-30,20.10002,20.20001,19.28001,19.28001,6404100,7.37058
2014-01-29,20.38001,20.64002,20.00002,20.20001,6105500,7.72229
2014-01-28,20.71001,20.96001,20.00002,20.30001,5127300,7.76052
2014-01-27,20.54002,21.35002,19.80002,20.89002,12228600,7.98607
2014-01-24,20.99002,21.00003,20.33002,20.75,8034500,7.93255
2014-01-23,20.90,21.68002,20.40001,21.06001,10954900,8.05106
2014-01-22,20.77002,21.19001,20.34003,20.82002,7819600,7.95932
2014-01-21,20.41002,21.42001,20.41002,20.99002,6207300,8.0243
2014-01-20,20.95003,21.67001,20.10002,20.46002,7195400,7.82169
2014-01-17,21.17002,22.30,20.66001,21.24001,8051400,8.11987
2014-01-16,21.80001,21.85001,21.08,21.28003,8055200,8.13517
2014-01-15,20.13002,22.33001,20.13002,22.03001,11932100,8.42189
2014-01-14,20.23002,20.95003,19.62002,20.50001,10006100,7.83698
2014-01-13,18.37001,20.40001,18.37001,20.18002,11996400,7.71465
2014-01-10,19.08001,19.60002,18.15002,18.56,10273600,7.09533
2014-01-09,21.02002,21.23003,19.00001,19.05001,17118100,7.28266
2014-01-08,21.10002,21.61003,20.48001,21.10002,14868500,8.06636
2014-01-07,19.25,21.04002,18.50002,21.04002,16308100,8.04342
2014-01-06,20.29,20.38001,18.80001,19.13001,14953800,7.31324
2014-01-03,17.90,19.79001,17.82002,19.79001,16281300,7.56555
2014-01-02,17.51002,18.09001,17.30001,17.99002,4972500,6.87743
2014-01-01,17.71002,17.71002,17.71002,17.71002,000,6.77039
2013-12-31,17.63001,18.28,16.90002,17.71002,8795600,6.77039
2013-12-30,18.18,18.35002,17.65001,17.75,10968700,6.78568
2013-12-27,18.07002,18.80001,17.51002,18.58002,14091900,7.10298
2013-12-26,17.88001,18.80001,17.62,17.88001,15894000,6.83537
2013-12-25,15.80001,17.33002,15.62001,17.33002,7759300,6.62512
2013-12-24,15.39001,16.07,15.31,15.75001,3886400,6.0211
2013-12-23,15.24001,15.88002,14.90,15.37001,3784300,5.87583
2013-12-20,16.15001,16.15001,15.30002,15.35002,5502500,5.86818
2013-12-19,16.20,16.37002,15.83002,16.18001,3355200,6.18548
2013-12-18,16.15001,16.48001,15.80001,16.22,7146000,6.20077
2013-12-17,17.32001,17.33002,16.16002,16.20,12267600,6.19312
2013-12-16,16.99001,17.50001,16.61001,17.30001,10804500,6.61365
2013-12-13,15.86002,17.17001,15.81002,16.94001,10263100,6.47602
2013-12-12,16.48001,16.94001,15.85001,16.02,8166500,6.12431
2013-12-11,15.57001,16.32002,15.43,16.23001,9774000,6.20459
2013-12-10,14.80,16.14002,14.78001,15.79,12361600,6.03638
2013-12-09,14.80,14.93001,14.50001,14.80,4126800,5.65792
2013-12-06,14.78001,15.14001,14.50001,14.70,5161200,5.61969
2013-12-05,15.02002,15.47001,14.39,14.96001,7795800,5.71908
2013-12-04,14.78001,16.00001,14.52,14.96001,11574500,5.71908
2013-12-03,14.02001,14.90,13.56001,14.69002,11679800,5.61587
2013-12-02,14.90,15.22002,14.09001,14.19,22726500,5.42472
2013-11-29,14.41002,15.81002,14.40001,15.65001,23153600,5.98287
2013-11-28,14.69002,15.18,14.40001,14.51002,24682400,5.54706
2013-11-27,14.47,15.29001,14.33002,14.64002,11395400,5.59676
2013-11-26,14.48001,14.86001,14.30001,14.67,14838800,5.60822
2013-11-25,13.35,14.99001,13.22,14.70,30082800,5.61969
2013-11-22,13.65,14.49,13.32,13.68,25873300,5.22975
2013-11-21,12.35002,13.33001,12.24001,13.19002,18581600,5.04243
2013-11-20,12.42001,12.53,12.18,12.35002,8545500,4.72131
2013-11-19,12.41,12.65001,12.27002,12.50002,10026900,4.77865
2013-11-18,12.41,12.72001,12.30002,12.60001,10619100,4.81688
2013-11-15,11.67,12.57001,11.62,12.43,12399200,4.75188
2013-11-14,11.22001,11.72,11.22001,11.60001,6393100,4.43458
2013-11-13,11.82,11.82,11.31,11.31,9696400,4.32371
2013-11-12,11.96001,12.03,11.75,11.80,4717800,4.51104
2013-11-11,11.71001,12.09001,11.57,11.88001,4550900,4.54163
2013-11-08,12.09001,12.30002,11.71001,11.78001,4989200,4.5034
2013-11-07,12.37001,12.45002,12.08,12.08,4929500,4.61808
2013-11-06,12.84,12.89,12.31001,12.37001,8023300,4.72895
2013-11-05,12.70001,12.90001,12.50002,12.83002,3920800,4.90481
2013-11-04,13.02,13.15001,12.55002,12.68002,7656200,4.84746
2013-11-01,12.80001,13.05001,12.50002,13.01002,6191100,4.97362
2013-10-31,12.85001,13.06002,12.60001,12.80001,9267200,4.89334
2013-10-30,12.13,13.15001,12.13,13.03001,12348500,4.98126
2013-10-29,12.70001,12.73002,11.70,12.05,9373200,4.60661
2013-10-28,12.03,12.77001,12.01001,12.62001,10965500,4.82452
2013-10-25,12.16001,12.28,11.70,11.93001,5135900,4.56074
2013-10-24,11.94002,12.19001,11.86001,12.12002,3852800,4.63338
2013-10-23,12.38,12.49001,11.82,11.87,7187100,4.5378
2013-10-22,13.00001,13.00001,12.36,12.45002,8408400,4.75954
2013-10-21,12.40002,12.86002,12.26001,12.80001,8008200,4.89334
2013-10-18,12.30002,12.50002,12.16001,12.28,6114800,4.69454
2013-10-17,11.94002,12.45002,11.94002,12.25,7067200,4.68307
2013-10-16,12.10,12.18,11.70,11.94002,5406900,4.56457
2013-10-15,11.99002,12.30002,11.91001,12.10,9682400,4.62573
2013-10-14,11.79002,11.79002,11.54,11.67,7192100,4.46134
2013-10-11,11.63001,11.73001,11.50001,11.67,3135300,4.46134
2013-10-10,11.96001,12.00,11.51002,11.62,5267900,4.44223
2013-10-09,11.70,11.98001,11.62,11.96001,4622000,4.57221
2013-10-08,11.47,11.89002,11.35001,11.70,4125600,4.47281
2013-10-07,11.48001,11.48001,11.48001,11.48001,000,4.38871
2013-10-04,11.48001,11.48001,11.48001,11.48001,000,4.38871
2013-10-03,11.48001,11.48001,11.48001,11.48001,000,4.38871
2013-10-02,11.48001,11.48001,11.48001,11.48001,000,4.38871
2013-10-01,11.48001,11.48001,11.48001,11.48001,000,4.38871
2013-09-30,11.39,11.50001,11.18002,11.48001,3436700,4.38871
2013-09-27,11.38002,11.50001,11.33002,11.39,1469300,4.3543
2013-09-26,11.48001,11.57,11.31,11.40001,3131000,4.35813
2013-09-25,11.63001,11.65001,11.39,11.49,3877100,4.39253
2013-09-24,11.59,11.70,11.35001,11.67,4704200,4.46134
2013-09-23,11.17001,11.57,11.12001,11.55001,3274400,4.41547
2013-09-20,11.19,11.19,11.19,11.19,000,4.27784
2013-09-18,11.20001,11.25001,11.07999,11.19,1426100,4.27784
2013-09-17,11.51002,11.59,11.06,11.09001,2795400,4.23961
2013-09-16,11.37,11.62,11.29,11.50001,3003700,4.39636
2013-09-13,11.21,11.42,11.15001,11.37,2697700,4.34666
2013-09-12,11.36,11.45001,11.20001,11.21,3139600,4.28549
2013-09-11,11.56002,11.58001,11.13002,11.36,5177100,4.34283
2013-09-10,11.64,11.80,11.46002,11.56002,3794100,4.4193
2013-09-09,11.70,11.81001,11.50001,11.60001,5472400,4.43458
2013-09-06,11.51002,11.76001,11.47,11.70,5154200,4.47281
2013-09-05,11.31,11.60001,11.13002,11.44,6537400,4.37341
2013-09-04,11.26,11.33002,11.03,11.12001,3273000,4.25109
2013-09-03,11.19,11.40001,11.06,11.32001,4102900,4.32754
2013-09-02,10.83,11.24,10.73,11.18002,3162200,4.27403
2013-08-30,11.35001,11.45001,10.77002,10.87001,10060800,4.15551
2013-08-29,11.45001,11.56002,11.26,11.38002,4443300,4.35048
2013-08-28,11.50001,11.56002,11.34,11.47,8316400,4.38488
2013-08-27,11.45001,11.66002,11.40001,11.60001,7322100,4.43458
2013-08-26,11.03,11.60001,10.91,11.55001,17534500,4.41547
2013-08-23,11.04001,11.20001,10.70,11.00002,7742000,4.20521
2013-08-22,11.00002,11.05002,10.85002,10.87001,6951500,4.15551
2013-08-21,10.90002,11.10002,10.83,11.03,4006600,4.21667
2013-08-20,10.65,10.96,10.64001,10.93,6676600,4.17844
2013-08-19,10.38001,10.71001,10.38001,10.71001,3561800,4.09434
2013-08-16,10.75,10.99001,10.50,10.50,4937200,4.01406
2013-08-15,11.00002,11.10002,10.79001,10.79001,5994700,4.12493
2013-08-14,10.83,11.28002,10.69001,11.07001,12166600,4.23197
2013-08-13,10.62002,10.80,10.56001,10.80,4786000,4.12875
2013-08-12,10.53,10.70,10.42,10.63,4588000,4.06376
2013-08-09,10.62002,10.72002,10.32,10.49001,3865200,4.01024
2013-08-08,10.38001,10.75,10.36001,10.62002,6431500,4.05994
2013-08-07,10.71001,10.88,10.30,10.40,5463500,3.97583
2013-08-06,10.84001,10.88,10.68,10.71001,5746600,4.09434
2013-08-05,10.53,10.91,10.46001,10.84001,9987600,4.14404
2013-08-02,10.44002,10.87001,10.38001,10.53,8557500,4.02553
2013-08-01,10.00001,10.50,10.00001,10.44002,5901700,3.99113
2013-07-31,10.10001,10.22,10.00001,10.01002,3005700,3.82674
2013-07-30,10.08001,10.18001,9.71,9.88002,3012700,3.77705
2013-07-29,10.17,10.36001,10.02,10.14,3870600,3.87643
2013-07-26,10.17,10.30,9.93001,10.18999,3993200,3.89555
2013-07-25,10.51001,10.60,10.05001,10.17,6314300,3.8879
2013-07-24,10.18001,10.55,10.03001,10.51001,8965700,4.01789
2013-07-23,9.60002,10.18999,9.60002,10.18001,7900700,3.89173
2013-07-22,9.47001,9.65001,9.25,9.62001,6086500,3.67765
2013-07-19,9.90999,10.06002,9.57001,9.57001,4889900,3.65853
2013-07-18,9.80001,10.00001,9.78002,9.90999,3700300,3.78851
2013-07-17,10.15001,10.20,9.83002,9.85001,6009000,3.76558
2013-07-16,10.18001,10.32,10.12,10.21002,4378800,3.9032
2013-07-15,9.90001,10.25,9.81,10.18001,5873500,3.89173
2013-07-12,9.79,10.15001,9.75001,9.86,9478400,3.76939
2013-07-11,9.23,9.55002,9.17002,9.51,4653800,3.63559
2013-07-10,9.06001,9.28,8.97,9.26001,5038500,3.54002
2013-07-09,8.92,9.08,8.86001,9.08,1630800,3.47121
2013-07-08,9.62001,9.62001,8.92,9.01999,4879100,3.44827
2013-07-05,10.05001,10.15001,9.75001,9.75001,4731800,3.72735
2013-07-04,10.08001,10.15001,9.90999,9.97,4761900,3.81145
2013-07-03,10.34002,10.38001,9.89,10.10001,7275700,3.86115
2013-07-02,10.43001,10.58,10.14,10.31001,5822700,3.94143
2013-07-01,10.25,10.47,9.94,10.41001,2602600,3.97966
2013-06-28,10.63,10.79001,9.76,10.30,5172000,3.9376
2013-06-27,11.01,11.14,10.53,10.82001,3607100,4.1364
2013-06-26,10.77002,11.20001,10.65,11.00002,4822000,4.20521
2013-06-25,10.37,10.93,10.01002,10.75,4721800,4.10963
2013-06-24,10.81,10.81,10.15001,10.50,2710000,4.01406
2013-06-21,11.03,11.15001,10.55,10.93,3323800,4.17844
2013-06-20,11.69002,11.69002,11.20001,11.25001,2372500,4.30078
2013-06-19,11.90,11.90,11.60001,11.70,2250200,4.47281
2013-06-18,12.10,12.15,11.44,11.96001,3093400,4.57221
2013-06-17,11.96001,12.28,11.80,12.05,2988600,4.60661
2013-06-14,11.65001,12.03,11.58001,11.95,3040000,4.56838
2013-06-13,11.50001,11.67,10.72002,11.65001,3720600,4.4537
2013-06-12,11.67,11.67,11.67,11.67,000,4.46134
2013-06-11,11.67,11.67,11.67,11.67,000,4.46134
2013-06-10,11.67,11.67,11.67,11.67,000,4.46134
2013-06-07,12.00,12.19001,11.66002,11.67,2572400,4.46134
2013-06-06,12.32002,12.43,12.03,12.08,3390800,4.61808
2013-06-05,12.14001,12.53,11.85,12.43,4174500,4.75188
2013-06-04,12.40002,12.45002,11.84002,12.20,5127700,4.66395
2013-06-03,12.98001,12.98001,12.00,12.48,7729500,4.771
2013-05-31,13.05001,13.35,12.81,13.10001,5294000,5.00802
2013-05-30,13.00001,13.10001,12.76,13.05001,4708100,4.8421
2013-05-29,12.60001,13.05001,12.39001,13.00001,8283300,4.82355
2013-05-28,12.69,12.87001,12.30002,12.60001,8377100,4.67513
2013-05-27,12.19001,12.94,12.11001,12.65001,12825700,4.69369
2013-05-24,11.90,12.19001,11.61002,12.19001,7035400,4.52301
2013-05-23,12.00,12.06001,11.67,11.81001,5834300,4.38201
2013-05-22,12.05,12.16001,11.87,12.02002,8480000,4.45993
2013-05-21,11.71001,12.15,11.68001,12.04001,9186200,4.46735
2013-05-20,11.13002,11.87,11.13002,11.79002,10359000,4.37459
2013-05-17,11.10002,11.36,10.85002,11.20001,8694600,4.15567
2013-05-16,11.58001,11.79002,11.07999,11.18002,8975600,4.14826
2013-05-15,11.11,11.49,11.05002,11.40001,5936700,4.22988
2013-05-14,11.54,11.55001,11.03,11.13002,5691100,4.1297
2013-05-13,11.34,11.78001,11.34,11.53001,8474800,4.27812
2013-05-10,11.55001,11.60001,11.18002,11.27001,7575300,4.18165
2013-05-09,11.75,11.75,11.32001,11.53001,9858500,4.27812
2013-05-08,11.81001,11.90,11.58001,11.79002,7616900,4.37459
2013-05-07,11.40001,11.86001,11.25001,11.85,10555400,4.39685
2013-05-06,11.35001,11.55001,11.16,11.45001,9892000,4.24843
2013-05-03,11.15001,11.59,11.14,11.37,11567000,4.21875
2013-05-02,10.81,11.10002,10.70,11.00002,4444600,4.08147
2013-05-01,10.84001,10.84001,10.84001,10.84001,000,4.0221
2013-04-30,10.84001,10.84001,10.84001,10.84001,000,4.0221
2013-04-29,10.84001,10.84001,10.84001,10.84001,000,4.0221
2013-04-26,10.90002,11.17001,10.71001,10.84001,8192400,4.0221
2013-04-25,11.00002,11.22001,10.71001,10.87001,10330400,4.03323
2013-04-24,10.51001,11.13002,10.40,11.07999,10847000,4.11114
2013-04-23,10.85002,10.97001,10.39002,10.46001,5364000,3.8811
2013-04-22,10.68,10.95002,10.60,10.93,7584500,4.05549
2013-04-19,10.32,10.80,10.11002,10.76001,8730100,3.99241
2013-04-18,10.47,10.66001,10.25,10.34002,5951700,3.83658
2013-04-17,10.29002,10.55,10.23999,10.55,3895900,3.91449
2013-04-16,10.06002,10.40,10.00001,10.29002,2973600,3.81803
2013-04-15,10.30,10.30,10.03001,10.18001,2353700,3.77721
2013-04-12,10.78,10.78,10.30,10.32,4534900,3.82915
2013-04-11,10.60,10.80,10.50,10.71001,7592800,3.97386
2013-04-10,10.58,10.88,10.51999,10.56001,5904200,3.91821
2013-04-09,10.42,10.76001,10.30,10.76001,7025900,3.99241
2013-04-08,10.00001,10.44002,9.75001,10.30,3613900,3.82173
2013-04-05,10.20,10.20,10.20,10.20,000,3.78463
2013-04-04,10.20,10.20,10.20,10.20,000,3.78463
2013-04-03,9.90999,10.43001,9.75001,10.20,14799200,3.78463
2013-04-02,10.23999,10.65,9.80001,10.09,18029200,3.74381
2013-04-01,9.76,10.02,9.76,9.93001,5382200,3.68445
2013-03-29,9.99,9.99,9.62001,9.77001,7060400,3.62508
2013-03-28,10.28001,10.28001,9.88002,9.93001,5170900,3.68445
2013-03-27,10.55,10.64001,10.25,10.34002,6702900,3.83658
2013-03-26,10.31001,10.59001,10.22,10.58,5295600,3.92562
2013-03-25,10.71001,10.72002,10.23999,10.31001,8825700,3.82545
2013-03-22,10.92001,10.92001,10.71001,10.77002,3235200,3.99613
2013-03-21,10.62002,10.96,10.62002,10.91,5573200,4.04807
2013-03-20,10.60,10.96,10.60,10.74001,4826900,3.98499
2013-03-19,10.37,10.77002,10.31001,10.67002,5318900,3.95902
2013-03-18,10.21002,10.46001,10.15001,10.39002,2716100,3.85513
2013-03-15,10.31001,10.60,10.17,10.36001,3638200,3.844
2013-03-14,10.30,10.51999,10.27,10.37,3794000,3.8477
2013-03-13,10.20,10.38001,10.11002,10.36001,3232500,3.844
2013-03-12,10.55,10.57002,10.05001,10.23999,4746700,3.79947
2013-03-11,10.62002,10.78,10.26001,10.58,4949500,3.92562
2013-03-08,10.86,11.20001,10.71001,10.75,7858200,3.9887
2013-03-07,10.89001,11.25001,10.70,10.88,13343500,4.03694
2013-03-06,10.46001,10.93,10.41001,10.88,10933300,4.03694
2013-03-05,10.13001,10.67002,10.10001,10.53,11236200,3.90707
2013-03-04,10.12,10.48001,9.94,10.10001,12121900,3.74753
2013-03-01,9.56,10.49001,9.51,10.22,16159900,3.79205
2013-02-28,9.41,9.57001,9.26001,9.56,3636500,3.54716
2013-02-27,9.64,9.73002,9.33,9.39001,6082000,3.48409
2013-02-26,9.68002,9.98001,9.62999,9.64,8227100,3.57685
2013-02-25,9.55002,9.73002,9.55002,9.73002,5199100,3.61024
2013-02-22,9.55002,9.72001,9.50002,9.55002,3774000,3.54346
2013-02-21,9.67001,9.74,9.46,9.58,4182800,3.55458
2013-02-20,9.34999,9.76,9.33,9.75001,5007600,3.61766
2013-02-19,9.66,9.66,9.40002,9.44001,4067200,3.50264
2013-02-18,9.57001,9.73002,9.53,9.61,4097600,3.56571
2013-02-15,9.55002,9.55002,9.55002,9.55002,000,3.54346
2013-02-14,9.55002,9.55002,9.55002,9.55002,000,3.54346
2013-02-13,9.55002,9.55002,9.55002,9.55002,000,3.54346
2013-02-12,9.55002,9.55002,9.55002,9.55002,000,3.54346
2013-02-11,9.55002,9.55002,9.55002,9.55002,000,3.54346
2013-02-08,9.44001,9.62999,9.43,9.55002,3815400,3.54346
2013-02-07,9.37001,9.47001,9.33,9.46,3303600,3.51006
2013-02-06,9.18,9.44001,9.18,9.37001,4056800,3.47667
2013-02-05,9.20,9.31,9.11001,9.29001,3238500,3.44698
2013-02-04,9.29001,9.29001,9.11001,9.20,2722200,3.41358
2013-02-01,9.15,9.26001,9.06001,9.23,4212100,3.42472
2013-01-31,9.29999,9.29999,9.10,9.20,3887200,3.41358
2013-01-30,9.41,9.49001,9.18,9.27002,5437800,3.43956
2013-01-29,9.20,9.34001,9.15,9.25,3383400,3.43214
2013-01-28,8.97,9.25,8.90,9.20,3095300,3.41358
2013-01-25,8.90,9.01001,8.78999,8.96001,2943100,3.32454
2013-01-24,9.21001,9.34999,8.86001,8.86001,5061600,3.28744
2013-01-23,9.45002,9.45002,9.06999,9.24001,4904300,3.42843
2013-01-22,9.98001,9.98001,9.29999,9.34999,9125800,3.46924
2013-01-21,9.52001,9.64,9.48,9.62999,5440800,3.57313
2013-01-18,9.66,9.66,9.38,9.53,5121300,3.53603
2013-01-17,9.41,9.59,9.29001,9.49001,4940400,3.52119
2013-01-16,9.53,9.62999,9.25,9.41,6721600,3.49151
2013-01-15,9.70001,9.70001,9.42001,9.54001,8725100,3.53974
2013-01-14,9.20,9.39001,9.01999,9.34001,7477800,3.46553
2013-01-11,9.33,9.45002,8.99002,9.01999,7320500,3.3468
2013-01-10,9.34999,9.50002,9.22002,9.40002,8134900,3.4878
2013-01-09,9.14001,9.88002,9.10,9.36,14937600,3.47295
2013-01-08,9.01001,9.25,8.96001,9.14001,12857200,3.39133
2013-01-07,8.80,9.05,8.72,9.05,5841700,3.35793
2013-01-04,9.01001,9.08,8.72,8.75,6912100,3.24662
2013-01-03,8.92,8.92,8.92,8.92,000,3.30969
2013-01-02,8.92,8.92,8.92,8.92,000,3.30969
2013-01-01,8.92,8.92,8.92,8.92,000,3.30969
2012-12-31,8.90,8.97,8.83001,8.92,3431600,3.30969
2012-12-28,8.76001,8.93001,8.71001,8.87,4644500,3.29114
2012-12-27,9.25,9.29001,8.78001,8.80,8003200,3.26517
2012-12-26,9.11001,9.20,8.93001,9.18,9165400,3.40617
2012-12-25,8.83001,9.29001,8.83001,9.08,7567200,3.36906
2012-12-24,8.78001,9.03,8.78001,8.87,4005700,3.29114
2012-12-21,8.78999,9.04001,8.73001,8.83001,4329800,3.2763
2012-12-20,8.88001,8.91001,8.65001,8.78001,3379300,3.25775
2012-12-19,8.88001,8.99002,8.78999,8.88001,3809400,3.29485
2012-12-18,8.97,9.03,8.78001,8.89002,5186300,3.29857
2012-12-17,9.01999,9.01999,8.80,8.97,7875500,3.32824
2012-12-14,8.88001,9.14001,8.71001,9.05,17099500,3.35793
2012-12-13,8.12001,8.86001,8.10002,8.86001,8294100,3.28744
2012-12-12,8.15001,8.15001,7.91,8.05002,511800,2.98689
2012-12-11,8.11,8.15001,7.89999,8.01,677600,2.97205
2012-12-10,8.00002,8.16,7.98,8.16,878500,3.0277
2012-12-07,7.82001,8.02001,7.79999,7.98,992000,2.96091
2012-12-06,7.96,7.96,7.75,7.81001,580000,2.89784
2012-12-05,7.58,7.95002,7.58,7.89999,695900,2.93123
2012-12-04,7.46001,7.61999,7.32,7.61999,642800,2.82734
2012-12-03,7.56999,7.64001,7.48001,7.50,255000,2.78281
2012-11-30,7.51001,7.73,7.51001,7.56999,646200,2.80878
2012-11-29,7.98,7.99001,7.59001,7.59001,484100,2.81621
2012-11-28,7.96,8.07001,7.76001,7.79999,835800,2.89413
2012-11-27,8.43001,8.57,7.95002,8.04001,683800,2.98318
2012-11-26,8.40999,8.68001,8.40999,8.48001,851300,3.14644
2012-11-23,8.26,8.64,8.26,8.45999,1293700,3.13901
2012-11-22,8.20001,8.37001,8.15001,8.37001,341100,3.10562
2012-11-21,8.10002,8.33002,8.04001,8.31,347300,3.08336
2012-11-20,8.11,8.21,8.09001,8.14,303800,3.02028
2012-11-19,8.00002,8.12001,7.97001,8.10002,289500,3.00545
2012-11-16,8.20001,8.23002,7.91,8.00002,599300,2.96834
2012-11-15,8.26,8.44,8.20001,8.20001,462600,3.04255
2012-11-14,8.40001,8.56002,8.24,8.31,561700,3.08336
2012-11-13,8.73999,8.73999,8.38002,8.38002,881900,3.10934
2012-11-12,8.48001,8.75,8.48001,8.75,1284600,3.24662
2012-11-09,8.50001,8.61002,8.40001,8.48001,1058000,3.14644
2012-11-08,8.51002,8.70,8.32001,8.51002,1597300,3.15757
2012-11-07,8.70,8.70,8.53001,8.55001,744900,3.17241
2012-11-06,8.70,8.73999,8.53001,8.61002,1394400,3.19468
2012-11-05,8.60001,8.78001,8.60001,8.72,1512800,3.23549
2012-11-02,8.60001,8.75,8.50001,8.70,2677600,3.22807
2012-11-01,8.32001,8.49,8.30001,8.48001,1310400,3.14644
2012-10-31,8.30001,8.34,8.20001,8.24,698500,3.05739
2012-10-30,8.23002,8.36,8.22001,8.26,466600,3.06481
2012-10-29,8.17001,8.35001,8.17001,8.27001,920900,3.06852
2012-10-26,8.33002,8.33002,8.14,8.20001,1480000,3.04255
2012-10-25,8.54,8.54,8.28002,8.28002,1655500,3.07223
2012-10-24,8.49,8.64,8.42,8.45999,1662100,3.13901
2012-10-23,8.48001,8.59,8.45999,8.55001,1881800,3.17241
2012-10-22,8.48001,8.70,8.45001,8.52,2822000,3.16128
2012-10-19,8.33002,8.54,8.32001,8.39,1448600,3.11304
2012-10-18,8.25001,8.45999,8.20001,8.40001,3128100,3.11676
2012-10-17,8.17001,8.23002,8.10002,8.22001,1186300,3.04997
2012-10-16,8.17999,8.26,8.10002,8.19,1359900,3.03883
2012-10-15,8.17999,8.28002,7.95002,8.16,2458700,3.0277
2012-10-12,8.10002,8.20001,7.91,8.06,1386200,2.9906
2012-10-11,8.31,8.31,8.04001,8.07001,2463300,2.99431
2012-10-10,8.14,8.39,8.06,8.30001,4377300,3.07965
2012-10-09,7.72002,8.16,7.65,8.10002,2409700,3.00545
2012-10-08,7.79001,7.89001,7.60,7.65,1238400,2.83847
2012-10-05,7.78,7.78,7.78,7.78,000,2.88671
2012-10-04,7.78,7.78,7.78,7.78,000,2.88671
2012-10-03,7.78,7.78,7.78,7.78,000,2.88671
2012-10-02,7.78,7.78,7.78,7.78,000,2.88671
2012-10-01,7.78,7.78,7.78,7.78,000,2.88671
2012-09-28,7.55,7.83,7.55,7.78,2439200,2.88671
2012-09-27,7.33001,7.66001,7.30,7.61999,1245700,2.82734
2012-09-26,7.70,7.70,7.37,7.37,1187900,2.73458
2012-09-25,7.66001,7.77002,7.63,7.63,470500,2.83105
2012-09-24,7.65,7.73,7.56999,7.69001,724700,2.85332
2012-09-21,7.78,7.78,7.61001,7.65,1518400,2.83847
2012-09-20,8.25001,8.25001,7.70,7.75,1936400,2.87557
2012-09-19,8.27001,8.28002,8.17999,8.17999,859100,3.03512
2012-09-18,8.23002,8.28002,8.17999,8.17999,722600,3.03512
2012-09-17,8.52,8.58001,8.23002,8.23002,1075600,3.05368
2012-09-14,8.55001,8.64,8.45001,8.57,1895300,3.17983
2012-09-13,8.63001,8.76001,8.50001,8.52,2875500,3.16128
2012-09-12,8.70,8.72,8.55001,8.67,1950400,3.21693
2012-09-11,8.68001,8.73001,8.57,8.67,4452900,3.21693
2012-09-10,8.73999,8.85,8.68001,8.78001,4727300,3.25775
2012-09-07,8.53001,8.85,8.53001,8.70,5016700,3.22807
2012-09-06,8.54,8.57,8.43001,8.51002,2034300,3.15757
2012-09-05,8.37001,8.54,8.30001,8.50001,2417200,3.15386
2012-09-04,8.19,8.68001,8.16,8.37001,3555500,3.10562
2012-09-03,8.25001,8.25001,8.09001,8.20001,1211200,3.04255
2012-08-31,7.98,8.17001,7.91,8.09001,1134000,3.00173
2012-08-30,8.12999,8.27001,7.83,7.97001,1497500,2.95721
2012-08-29,8.11,8.26,8.11,8.22001,1124600,3.04997
2012-08-28,8.00002,8.19,7.93,8.17001,927000,3.03142
2012-08-27,8.07001,8.11,7.93,7.99001,1107100,2.96463
2012-08-24,8.22001,8.35001,8.05002,8.11,2228400,3.00915
2012-08-23,8.17999,8.30001,8.15001,8.29,1791100,3.07594
2012-08-22,8.26,8.27001,8.12001,8.17001,1347700,3.03142
2012-08-21,8.05002,8.24,8.05002,8.23002,2157300,3.05368
2012-08-20,7.89999,8.09001,7.84999,8.07001,1646500,2.99431
2012-08-17,7.84999,7.89999,7.79001,7.87001,565100,2.92011
2012-08-16,7.83,7.94001,7.79999,7.82001,937400,2.90155
2012-08-15,8.00002,8.05002,7.82001,7.84999,1051900,2.91268
2012-08-14,7.89999,8.01,7.76001,8.01,1391100,2.97205
2012-08-13,8.10002,8.11,7.89001,7.92001,1116600,2.93866
2012-08-10,8.09001,8.17001,8.05002,8.10002,1270700,3.00545
2012-08-09,7.96,8.16,7.92001,8.11,1489100,3.00915
2012-08-08,8.00002,8.05002,7.89999,7.96,1104300,2.95349
2012-08-07,7.88,8.04001,7.86,7.98,1071700,2.96091
2012-08-06,7.72002,7.93,7.67002,7.92001,1082000,2.93866
2012-08-03,7.56999,7.73,7.54001,7.73,1171000,2.86815
2012-08-02,7.65,7.65,7.51001,7.56999,663900,2.80878
2012-08-01,7.58,7.68,7.55,7.61001,923200,2.82363
2012-07-31,7.79001,7.87001,7.50,7.50,907100,2.78281
2012-07-30,7.83,7.94001,7.65,7.68,1140400,2.8496
2012-07-27,7.91,8.00002,7.82001,7.82001,829700,2.90155
2012-07-26,8.08,8.15001,7.32,7.94001,1467700,2.94608
2012-07-25,8.01,8.12999,7.95002,8.08,1374900,2.99802
2012-07-24,8.20001,8.20001,7.99001,8.07001,2022700,2.99431
2012-07-23,8.05002,8.08,7.91,8.08,610900,2.99802
2012-07-20,8.01,8.17999,7.95002,8.04001,1621900,2.98318
2012-07-19,7.87001,8.07001,7.76001,7.99001,1413900,2.96463
2012-07-18,7.81001,7.89001,7.60,7.87001,1532000,2.92011
2012-07-17,7.77002,7.94001,7.69001,7.88,2144800,2.92381
2012-07-16,8.28002,8.35001,7.84001,7.88,1451700,2.92381
2012-07-13,8.43001,8.60001,8.34,8.35001,1482600,3.0982
2012-07-12,8.30001,8.32001,8.12001,8.32001,1213600,3.08707
2012-07-11,8.05002,8.22001,8.03,8.19,641300,3.03883
2012-07-10,8.12999,8.12999,7.87001,8.08,1067500,2.99802
2012-07-09,8.39,8.42,8.03,8.11,1041700,3.00915
2012-07-06,8.33002,8.58001,7.84999,8.52,1992500,3.16128
2012-07-05,8.62,8.63001,8.12999,8.31,1912700,3.08336
2012-07-04,8.90,8.91001,8.56002,8.62,2399600,3.19838
2012-07-03,8.75,8.94002,8.73999,8.92,1816700,3.30969
2012-07-02,8.62,8.83001,8.62,8.72,1310600,3.23549
2012-06-29,8.53001,8.85,8.51002,8.65001,2049700,3.20951
2012-06-28,9.28,9.29001,8.51002,8.67,3487300,3.21693
2012-06-27,9.32001,9.54001,9.31,9.31,1190000,3.4544
2012-06-26,9.33,9.41,9.11001,9.34001,1627800,3.46553
2012-06-25,9.76,9.80001,9.29999,9.39001,2347100,3.48409
2012-06-22,9.92,9.92,9.92,9.92,000,3.68074
2012-06-21,9.98001,10.25,9.85001,9.92,4572600,3.68074
2012-06-20,9.65001,10.09,9.64,10.06002,4376300,3.73269
2012-06-19,10.08001,10.08001,9.62999,9.64,2093000,3.57685
2012-06-18,9.77001,9.99,9.68002,9.93001,3133800,3.68445
2012-06-15,9.69,9.74,9.51,9.69,1825200,3.5954
2012-06-14,9.90001,9.90001,9.62999,9.70001,2674300,3.59911
2012-06-13,9.85001,9.92,9.52001,9.92,3900600,3.68074
2012-06-12,9.58,9.96002,9.51,9.82001,4972500,3.64363
2012-06-11,9.12002,10.04,9.12002,9.66,4190100,3.58426
2012-06-08,9.11001,9.22002,9.10,9.13,356100,3.38761
2012-06-07,9.29999,9.29999,9.06001,9.10,311500,3.37648
2012-06-06,9.18,9.26001,9.15,9.17002,250300,3.40246
2012-06-05,9.11001,9.20,9.10,9.18,593900,3.40617
2012-06-04,9.45002,9.45002,9.13,9.16001,890700,3.39875
2012-06-01,9.62999,9.64,9.51,9.54001,898400,3.53974
2012-05-31,9.45002,9.65001,9.36,9.65001,1830900,3.58056
2012-05-30,9.44001,9.58,9.37001,9.49001,1252100,3.52119
2012-05-29,9.16001,9.44001,9.16001,9.41,1369800,3.49151
2012-05-28,9.39001,9.68002,9.01001,9.43,1945100,3.49892
2012-05-25,9.12002,9.16001,9.00,9.09001,996100,3.37278
2012-05-24,9.22002,9.34999,9.09001,9.11001,921000,3.38019
2012-05-23,9.46,9.46,9.21001,9.26001,718100,3.43585
2012-05-22,9.31,9.48,9.31,9.45002,1086800,3.50635
2012-05-21,9.40002,9.48,9.28,9.31,1014600,3.4544
2012-05-18,9.34999,9.49001,9.31,9.42001,899300,3.49522
2012-05-17,9.20,9.44001,9.20,9.40002,846600,3.4878
2012-05-16,9.47001,9.57001,9.29001,9.29001,1226800,3.44698
2012-05-15,9.29999,9.42001,9.27002,9.42001,1023000,3.49522
2012-05-14,9.45002,9.52001,9.27002,9.37001,937900,3.47667
2012-05-11,9.55002,9.58,9.34999,9.34999,938000,3.46924
2012-05-10,9.31,9.53,9.28,9.52001,1547400,3.53232
2012-05-09,9.53,9.53,9.26001,9.34999,1136300,3.46924
2012-05-08,9.40002,9.58,9.40002,9.56,1444100,3.54716
2012-05-07,9.40002,9.50002,9.31,9.47001,1131500,3.51377
2012-05-04,9.34999,9.47001,9.22002,9.41,1104800,3.49151
2012-05-03,14.35002,14.35002,13.88002,14.23002,746100,3.32997
2012-05-02,14.18002,14.33002,14.02,14.29,885600,3.34401
2012-05-01,14.02,14.02,14.02,14.02,000,3.28083
2012-04-30,14.02,14.02,14.02,14.02,000,3.28083
2012-04-27,13.73003,14.16999,13.73003,14.02,978400,3.28083
2012-04-26,13.84999,13.94999,13.60,13.73003,626300,3.21297
2012-04-25,13.70,13.84001,13.54001,13.83002,1399200,3.23637
2012-04-24,13.81002,13.97,13.30,13.70,1194900,3.20594
2012-04-23,14.63999,14.66,13.73003,13.73003,2059000,3.21297
2012-04-20,14.80002,14.80002,14.55002,14.73001,1354200,3.44698
2012-04-19,14.70002,14.90001,14.60002,14.65002,844000,3.42826
2012-04-18,14.45002,14.70002,14.30002,14.70002,1129500,3.43996
2012-04-17,14.40002,14.40002,14.40002,14.40002,000,3.36976
2012-04-16,14.39,14.46999,14.26001,14.40002,681800,3.36976
2012-04-13,14.28002,14.58001,14.28002,14.46999,1013700,3.38613
2012-04-12,14.30002,14.38001,13.92,14.36001,924500,3.36039
2012-04-11,13.92,14.16001,13.73003,14.13002,655000,3.30657
2012-04-10,13.79999,14.03002,13.56002,14.02,589400,3.28083
2012-04-09,13.99999,14.10003,13.76002,13.81002,470800,3.23169
2012-04-06,13.82,14.06001,13.72,13.99999,691300,3.27614
2012-04-05,13.49001,13.86002,13.47001,13.81002,629100,3.23169
2012-04-04,13.47001,13.47001,13.47001,13.47001,000,3.15212
2012-04-03,13.47001,13.47001,13.47001,13.47001,000,3.15212
2012-04-02,13.47001,13.47001,13.47001,13.47001,000,3.15212
2012-03-30,13.46002,13.61002,13.30,13.47001,654100,3.15212
2012-03-29,13.99999,13.99999,13.40,13.47999,1942800,3.15446
2012-03-28,14.71,14.83999,13.99999,14.07,2076800,3.29253
2012-03-27,14.70002,15.34002,14.70002,14.88001,2070000,3.48208
2012-03-26,14.56,14.68001,14.24,14.55002,635100,3.40486
2012-03-23,15.02002,15.19002,14.45002,14.55002,1481700,3.40486
2012-03-22,15.08,15.25001,14.90001,15.03,1263300,3.51718
2012-03-21,14.98,15.27002,14.67002,15.20001,1047800,3.55696
2012-03-20,15.50,15.50,15.19002,15.24002,1337600,3.56632
2012-03-19,15.24002,15.57001,15.13,15.57001,1467100,3.64355
2012-03-16,15.20001,15.38,15.05001,15.38,1931300,3.59908
2012-03-15,15.56002,15.99999,15.00001,15.20001,2304200,3.55696
2012-03-14,16.41999,16.46001,15.08,15.56002,3308500,3.64121
2012-03-13,15.89001,16.56999,15.67001,16.39,3646300,3.83543
2012-03-12,15.90,16.09001,15.65,15.87,1524200,3.71375
2012-03-09,15.60,15.97,15.60,15.97,2663900,3.73715
2012-03-08,15.56002,15.97,15.40,15.61002,2174000,3.65291
2012-03-07,15.61002,15.92,15.29002,15.55,3590700,3.63886
2012-03-06,15.44002,16.80002,15.44002,16.16001,5933700,3.78161
2012-03-05,15.40,15.60,15.20001,15.46003,1349500,3.61781
2012-03-02,15.17002,15.40,15.17002,15.40,986800,3.60376
2012-03-01,15.02002,15.20999,14.95001,15.18,1238600,3.55228
2012-02-29,15.22002,15.38,15.01,15.02002,1031300,3.51484
2012-02-28,15.43,15.56002,15.10999,15.32001,2216000,3.58504
2012-02-27,15.98003,15.98003,15.52001,15.55,2573300,3.63886
2012-02-24,15.60,16.06002,15.38,15.70,2501900,3.67396
2012-02-23,15.30001,15.75,15.30001,15.49002,2941200,3.62483
2012-02-22,15.01,15.38,14.91,15.35999,2806600,3.5944
2012-02-21,14.85001,15.06,14.52003,15.01,1791100,3.5125
2012-02-20,15.29002,15.35001,14.90001,14.92002,1689600,3.49144
2012-02-17,14.88001,15.14002,14.73001,15.12002,1636100,3.53824
2012-02-16,14.91,15.12002,14.61,15.00001,1871400,3.51016
2012-02-15,14.58001,15.00001,14.43001,14.99003,1470400,3.50782
2012-02-14,14.78001,14.78001,14.55002,14.66,973000,3.43059
2012-02-13,14.40002,14.82002,14.16001,14.76,1646700,3.45399
2012-02-10,14.70002,14.70002,14.41999,14.53001,1240300,3.40017
2012-02-09,14.41999,14.85001,14.41999,14.59,2485000,3.41421
2012-02-08,14.21001,14.50002,13.96001,14.49,1379200,3.39081
2012-02-07,14.16999,14.36999,13.83002,14.01001,1042100,3.27849
2012-02-06,14.38001,14.54,14.16001,14.46001,1443700,3.38379
2012-02-03,14.10003,14.36999,13.94999,14.36001,1238600,3.36039
2012-02-02,13.88002,14.08002,13.71002,14.07,665900,3.29253
2012-02-01,13.83002,14.35002,13.62999,13.88002,731500,3.24807
2012-01-31,13.89001,14.14,13.68003,13.93002,650200,3.25977
2012-01-30,13.78003,14.36999,13.78003,14.13002,488600,3.30657
2012-01-27,14.19,14.19,14.19,14.19,000,3.32061
2012-01-26,14.19,14.19,14.19,14.19,000,3.32061
2012-01-25,14.19,14.19,14.19,14.19,000,3.32061
2012-01-24,14.19,14.19,14.19,14.19,000,3.32061
2012-01-23,14.19,14.19,14.19,14.19,000,3.32061
2012-01-20,14.04999,14.40002,14.04999,14.19,1245100,3.32061
2012-01-19,13.30,14.70002,13.03,14.39,2569600,3.36741
2012-01-18,13.93002,14.06001,13.50,13.55,1056400,3.17084
2012-01-17,12.70001,14.01001,12.70001,13.99999,2316400,3.27614
2012-01-16,13.26003,13.27001,12.66,12.73999,800500,2.98129
2012-01-13,14.01001,14.12,13.15,13.17001,1731000,3.08192
2012-01-12,14.15003,14.25002,13.83002,14.07,1564000,3.29253
2012-01-11,14.28002,14.36999,13.84999,14.15003,2140100,3.31125
2012-01-10,12.95001,14.46999,12.90999,14.40002,5942200,3.36976
2012-01-09,12.38999,13.15999,12.30002,13.15,1557200,3.07724
2012-01-06,11.98002,12.65001,11.95003,12.56,1247300,2.93917
2012-01-05,12.78,12.82002,12.06001,12.18001,1337400,2.85025
2012-01-04,13.20,13.47001,12.80001,12.80001,932300,2.99534
2012-01-03,13.30,13.30,12.55002,13.19002,933800,3.0866
2012-01-02,13.30,13.30,12.55002,13.19002,933800,3.0866
2011-12-30,13.30,13.30,12.55002,13.19002,933800,3.0866
2011-12-29,13.07001,13.15999,13.00001,13.02001,1080500,3.04682
2011-12-28,13.19002,13.19002,12.87002,13.08,1822000,3.06086
2011-12-27,13.83002,13.89001,13.10999,13.20,1314700,3.08894
2011-12-26,13.79999,14.11001,13.79999,13.83002,659000,3.23637
2011-12-23,13.84999,14.16999,13.71002,13.89999,1636200,3.25274
2011-12-22,14.36999,14.36999,13.60,13.81002,2934500,3.23169
2011-12-21,14.81,15.10001,14.43001,14.44,2368400,3.37911
2011-12-20,15.00001,15.14002,14.72002,14.73001,1878700,3.44698
2011-12-19,14.76,14.99003,14.40002,14.99003,2457400,3.50782
2011-12-16,14.35002,14.78999,14.26999,14.76,1791000,3.45399
2011-12-15,14.90001,15.13,14.21001,14.33002,2912700,3.35337
2011-12-14,15.03,15.32001,14.91,14.97002,924100,3.50314
2011-12-13,15.57999,15.79001,15.00001,15.09003,1558100,3.53122
2011-12-12,15.80,16.13002,15.67001,15.86002,1106200,3.71141
2011-12-09,15.99999,16.19001,15.82,15.86002,1661500,3.71141
2011-12-08,15.62001,16.34,15.32001,16.19999,2895800,3.79097
2011-12-07,15.61002,15.61002,15.61002,15.61002,000,3.65291
2011-12-06,15.44002,15.80,15.40,15.61002,1455200,3.65291
2011-12-05,16.25003,16.25003,15.50,15.52001,1655000,3.63184
2011-12-02,16.40003,16.51001,16.14001,16.25003,1612400,3.80268
2011-12-01,16.97002,16.97002,16.50002,16.51999,4005900,3.86585
2011-11-30,17.95,17.95,16.14001,16.23002,5226900,3.79799
2011-11-29,17.92999,18.00,17.62001,17.92999,2717500,4.19581
2011-11-28,17.62001,17.95,17.60,17.63,2477700,4.1256
2011-11-25,18.51001,18.73002,17.80,17.82999,3944900,4.17241
2011-11-24,18.50003,18.80002,18.09001,18.69,4601400,4.37366
2011-11-23,19.06,19.76003,18.81999,19.02003,8450800,4.45089
2011-11-22,18.90002,19.11,18.16002,18.70002,3819000,4.376
2011-11-21,18.61001,19.16,18.49001,19.16,3809100,4.48364
2011-11-18,19.00002,19.55001,18.59,18.71001,4383100,4.37834
2011-11-17,19.33001,19.80001,19.01001,19.38001,6327200,4.53512
2011-11-16,20.31002,20.38003,19.28001,19.50001,7974500,4.56321
2011-11-15,20.24001,20.98002,20.00,20.40,16062900,4.77381
2011-11-14,20.19001,20.54999,19.78,20.54999,17875300,4.80891
2011-11-11,18.19999,19.28001,18.19999,19.28001,3325800,4.51172
2011-11-10,17.12002,18.02001,17.00002,17.53,4118300,4.1022
2011-11-09,16.95002,17.30999,16.66001,17.28,1818700,4.0437
2011-11-08,17.43,17.43,16.85002,16.88001,1442700,3.9501
2011-11-07,17.23,17.48,17.19003,17.38,1313900,4.0671
2011-11-04,17.28,17.37002,17.03999,17.23,1846400,4.032
2011-11-03,17.87001,17.87001,17.10001,17.10001,2822000,4.00158
2011-11-02,16.56999,17.20001,16.30003,17.18001,2885700,4.0203
2011-11-01,16.50002,16.80002,16.40003,16.78001,1673100,3.9267
2011-10-31,16.56999,16.75002,16.41001,16.70002,2153700,3.90798
2011-10-28,16.46999,16.75002,16.19999,16.56999,1873000,3.87755
2011-10-27,16.28002,16.44,16.16001,16.25003,848500,3.80268
2011-10-26,15.52999,16.30003,15.52999,16.28002,2075000,3.80969
2011-10-25,15.61002,16.29001,15.45,15.91002,1140900,3.72311
2011-10-24,15.87,15.87,14.86,15.65,987800,3.66226
2011-10-21,15.80,15.88003,15.70,15.77999,395300,3.69268
2011-10-20,16.56999,16.56999,15.85,15.86002,971200,3.71141
2011-10-19,16.97002,16.97002,16.55002,16.65002,433500,3.89628
2011-10-18,17.33,17.34003,16.64,16.65002,990900,3.89628
2011-10-17,17.87001,17.87001,17.28,17.33,1315000,4.0554
2011-10-14,17.75,17.75,17.40999,17.59002,506200,4.11625
2011-10-13,17.35999,17.91002,17.35999,17.65,964900,4.13029
2011-10-12,16.54,17.56003,16.54,17.53,864800,4.1022
2011-10-11,17.89002,17.90,17.02002,17.15001,709400,4.01328
2011-10-10,17.33,17.34003,17.00002,17.12002,515100,4.00626
2011-09-30,17.24003,17.35999,16.95002,17.30001,808700,4.04838
2011-09-29,17.30001,17.32002,16.73001,17.18001,1347400,4.0203
2011-09-28,17.60,17.60,17.20001,17.35999,496900,4.06242
2011-09-27,17.22002,17.60,17.20001,17.42002,430100,4.07647
2011-09-26,17.34003,17.60,17.12002,17.14003,504500,4.01095
2011-09-23,17.70,17.70,17.10001,17.40001,832700,4.07178
2011-09-22,18.01002,18.19999,17.65,17.70,1003500,4.14199
2011-09-21,17.58,18.46001,17.50001,18.40003,1965300,4.3058
2011-09-20,17.61003,17.87001,17.40999,17.56003,1470900,4.10923
2011-09-19,18.22,18.23003,17.50999,17.67001,1517200,4.13497
2011-09-16,19.18999,19.25002,18.24001,18.24001,3249200,4.26835
2011-09-15,19.20002,19.29003,19.10002,19.17002,981100,4.48599
2011-09-14,19.12003,19.21,18.70002,19.18999,1461400,4.49066
2011-09-13,19.00002,19.57002,19.00002,19.03001,1797700,4.45322
2011-09-09,20.00,20.18003,19.30001,19.59002,2630100,4.58427
2011-09-08,20.48002,20.48002,19.97999,20.05,3029400,4.69191
2011-09-07,20.00,20.49001,19.95,20.29001,2620400,4.74808
2011-09-06,21.06001,21.07003,19.91003,19.93,4895400,4.66383
2011-09-05,21.15002,21.30002,20.78002,21.18001,4432700,4.95634
2011-09-02,20.49999,21.48001,20.45,21.15002,7667600,4.94933
2011-09-01,20.28003,20.78002,20.04002,20.59001,2696300,4.81828
2011-08-31,19.99002,20.19001,19.83,20.12001,1464200,4.70829
2011-08-30,20.41002,20.60003,19.96003,19.96003,2673100,4.67085
2011-08-29,20.84,20.98002,20.22001,20.45,4740300,4.78551
2011-08-26,20.20,20.90003,20.01003,20.80003,5201500,4.86742
2011-08-25,20.16002,20.43003,19.69002,20.24001,4391900,4.73637
2011-08-24,19.94002,20.66001,19.80001,20.26002,7385200,4.74106
2011-08-23,19.18001,19.89002,18.92003,19.89002,2816400,4.65447
2011-08-22,19.43,19.43,18.63002,18.94,1485700,4.43216
2011-08-19,18.74,19.29003,18.50003,19.23001,1325800,4.50002
2011-08-18,19.35001,19.64002,19.07003,19.25002,1870300,4.50471
2011-08-17,19.18001,19.67002,18.90002,19.49003,2495700,4.56087
2011-08-16,19.37002,19.48,19.11,19.12003,2201100,4.47429
2011-08-15,19.49003,19.67002,19.27002,19.41,4653500,4.54214
2011-08-12,19.18001,19.49003,18.98001,19.30001,3223900,4.5164
2011-08-11,18.10,18.97003,17.90,18.93001,3014700,4.42982
2011-08-10,18.03003,18.87003,18.03003,18.49001,3705600,4.32685
2011-08-09,17.00002,18.15,16.02,18.01002,2723900,4.21453
2011-08-08,18.40003,18.70002,17.40001,17.65,2444400,4.13029
2011-08-05,18.52,19.32002,17.50001,18.85002,2460600,4.4111
2011-08-04,19.58,19.58,19.12003,19.30001,2973800,4.5164
2011-08-03,18.52,19.68,18.41002,19.58,4437900,4.58193
2011-08-02,18.66001,18.69,18.03003,18.68002,1486400,4.37132
2011-08-01,18.37,18.97003,18.28002,18.70002,1613400,4.376
2011-07-29,18.55003,18.67,18.34001,18.41002,1081200,4.30814
2011-07-28,18.16002,18.61001,18.01002,18.60003,1411300,4.3526
2011-07-27,18.01002,18.26002,17.90,18.18003,1119000,4.25432
2011-07-26,17.80,18.08003,17.73,18.01002,757800,4.21453
2011-07-25,18.51001,19.08001,17.80,17.85,1941400,4.17709
2011-07-21,19.44003,19.44003,18.90002,18.92003,991100,4.42748
2011-07-20,19.26,19.49003,18.85002,19.31,1027600,4.51874
2011-07-19,19.50001,19.50001,19.10002,19.23999,1581600,4.50236
2011-07-18,19.88,20.17001,19.48,19.55001,2998400,4.57491
2011-07-15,19.36,19.92001,19.17002,19.89002,4350600,4.65447
2011-07-14,18.87003,19.45001,18.65003,19.36,4240800,4.53044
2011-07-13,18.29999,18.74,18.29999,18.68002,1958800,4.37132
2011-07-12,18.90002,18.90002,18.36002,18.36002,2572700,4.29644
2011-07-11,18.96001,19.16,18.71001,19.08999,1429100,4.46726
2011-07-08,18.91001,19.25002,18.71999,18.95002,1454900,4.4345
2011-07-07,18.63002,19.34003,18.63002,18.95002,3467700,4.4345
2011-07-06,18.52,18.76999,18.36002,18.75002,2636100,4.3877
2011-07-05,18.43002,18.76999,18.32,18.55003,1843200,4.3409
2011-07-04,18.40003,18.43002,18.19001,18.42,3025400,4.31047
2011-07-01,18.24001,18.45003,18.16002,18.19001,2069200,4.25665
2011-06-30,18.08003,18.24001,17.95,18.23003,2095800,4.26602
2011-06-29,18.27,18.48002,18.06002,18.07001,1755700,4.22857
2011-06-28,18.55003,18.55003,18.15,18.32,1297700,4.28707
2011-06-27,18.19999,18.64,18.08003,18.46001,2019700,4.31984
2011-06-24,17.69002,18.19999,17.68,18.08003,2515000,4.23092
2011-06-23,16.92003,17.86002,16.60002,17.75,1817600,4.15369
2011-06-22,17.23,17.26,17.10001,17.15001,566400,4.01328
2011-06-21,17.18001,17.22002,17.00002,17.22002,369900,4.02966
2011-06-20,17.11,17.23,16.90002,16.98999,565700,3.97584
2011-06-17,17.22002,17.40001,17.05001,17.22002,964100,4.02966
2011-06-16,17.35001,17.67001,17.25001,17.34003,622700,4.05775
2011-06-15,17.69002,17.86002,17.55001,17.60,1194500,4.11859
2011-06-14,17.35999,17.87999,17.35999,17.70,1089200,4.14199
2011-06-13,17.26,17.64002,17.00002,17.57001,1299000,4.11157
2011-06-10,17.25001,17.30001,16.90002,17.30001,956100,4.04838
2011-06-09,17.62001,17.69002,17.25001,17.30001,843200,4.04838
2011-06-08,17.59002,17.92999,17.39002,17.75,1584700,4.15369
2011-06-07,17.52002,17.77001,17.45001,17.59002,662400,4.11625
2011-06-03,17.17002,17.68,17.17002,17.52002,670200,4.09987
2011-06-02,17.60,17.60,17.00002,17.32002,1360000,4.05307
2011-06-01,17.70,17.86002,17.48,17.74002,1159100,4.15135
2011-05-31,17.27002,17.95,17.03999,17.70,1395000,4.14199
2011-05-30,17.15001,17.58,16.82003,17.23,1566100,4.032
2011-05-27,17.11,17.43,17.06,17.15001,1166400,4.01328
2011-05-26,17.35001,17.38,17.03001,17.03001,703800,3.9852
2011-05-25,17.86002,17.92999,17.01,17.03999,1176400,3.98754
2011-05-24,17.10001,18.29001,17.08999,18.00,1699800,4.21219
2011-05-23,18.05,18.60003,17.01,17.39002,2427700,4.06945
2011-05-20,19.02003,19.13001,18.45003,18.65003,1274500,4.3643
2011-05-19,19.44003,19.44003,19.00002,19.02003,972600,4.45089
2011-05-18,19.20002,19.44003,19.01001,19.29003,723200,4.51407
2011-05-17,19.60001,19.60001,18.99,19.29003,1261100,4.51407
2011-05-16,20.05,20.05,19.60001,19.60001,845100,4.58661
2011-05-13,20.20,20.20,19.55001,20.04002,1203000,4.68957
2011-05-12,20.69001,20.69001,19.90001,20.00,1194700,4.68021
2011-05-11,20.85003,20.88002,20.54001,20.60003,816100,4.82062
2011-05-10,20.82,20.98002,20.56002,20.85003,750900,4.87912
2011-05-09,20.65003,21.00002,20.33003,20.82,1164600,4.8721
2011-05-06,20.38003,20.54999,20.21002,20.52,720800,4.80189
2011-05-05,20.45,20.79,20.24001,20.37,484000,4.76679
2011-05-04,20.80003,21.33001,20.35,20.44001,998200,4.78318
2011-05-03,20.20,21.06001,20.20,20.80003,732400,4.86742
2011-04-29,21.18001,21.18001,20.49999,20.70003,1388800,4.84402
2011-04-28,44.40001,44.70,42.42999,42.75004,1568200,4.64252
2011-04-27,45.29999,45.58002,44.45999,44.53004,1414900,4.83582
2011-04-26,44.72005,45.54,44.45,45.29001,1647300,4.91835
2011-04-25,47.00004,47.00004,44.60,44.72005,2961200,4.85646
2011-04-22,48.27006,48.27006,46.68,46.68,3592100,5.0693
2011-04-21,48.31,48.78004,48.06001,48.55001,1424400,5.27238
2011-04-20,48.80001,48.80001,47.42,48.48004,2099100,5.26478
2011-04-18,48.31,48.84002,48.26,48.42006,1230600,5.25827
2011-04-15,48.69003,48.96007,48.29003,48.79002,1023800,5.29844
2011-04-14,49.05,49.29001,48.52006,48.70001,1099900,5.28867
2011-04-13,48.26,49.29001,48.26,49.28003,1246900,5.35166
2011-04-12,49.00,49.15,48.40002,48.41,1112700,5.25718
2011-04-11,49.80007,49.97003,48.88004,49.00,1526200,5.32125
2011-04-08,48.94002,49.88002,48.80001,49.79001,1538300,5.40704
2011-04-07,48.11,48.96007,48.11,48.94002,1369000,5.31473
2011-04-06,49.00,49.00,47.88005,48.20002,1633400,5.23437
2011-04-01,48.80001,48.95001,48.42006,48.94002,1596400,5.31473
2011-03-31,48.61,49.18003,48.15002,48.40002,2517900,5.25609
2011-03-30,50.04,50.29,48.24003,48.24003,3836300,5.23872
2011-03-29,52.80002,52.80002,50.30006,50.31004,7697700,5.46351
2011-03-28,53.15999,53.97004,52.98004,53.69002,5478000,5.83057
2011-03-25,52.83005,53.24002,52.28006,52.90002,2567900,5.74478
2011-03-24,52.20003,53.30001,52.15003,52.71,2232000,5.72414
2011-03-23,51.20004,52.16001,51.20004,52.11001,1392500,5.65899
2011-03-22,51.69005,51.70004,50.93,51.30004,1736000,5.57102
2011-03-21,52.09004,52.40002,51.30004,51.60004,1128700,5.6036
2011-03-18,52.29004,52.40002,51.78006,52.04005,867000,5.65139
2011-03-17,53.00001,53.29002,51.77,51.77,2114600,5.62206
2011-03-16,53.00001,53.58003,52.89003,53.41007,1491000,5.80017
2011-03-15,53.80,53.90,52.12,52.88004,2353000,5.74261
2011-03-14,53.20001,54.01006,52.83005,53.78003,2288000,5.84034
2011-03-11,52.53005,53.75,52.40002,53.20999,3209200,5.77844
2011-03-10,52.15003,52.97006,51.67001,52.55002,3070900,5.70677
2011-03-09,52.69003,52.69003,51.61002,52.20003,2072000,5.66876
2011-03-08,51.94005,52.52007,51.37999,52.52007,2261200,5.70352
2011-03-07,51.45004,51.95003,51.40004,51.55004,2344900,5.59817
2011-03-04,50.42002,51.50004,50.42002,51.41002,1437100,5.58297
2011-03-03,52.49004,52.49004,50.33001,50.71004,3156000,5.50695
2011-03-02,53.24002,53.24002,51.91002,52.15003,2855800,5.66333
2011-03-01,53.30001,53.70,53.00001,53.18004,1776500,5.77519
2011-02-28,53.10001,53.45001,52.38006,52.95001,2420800,5.75021
2011-02-25,54.01006,54.73001,52.81,53.03004,3895600,5.7589
2011-02-24,54.04999,55.42002,54.01006,54.90006,2053300,5.96198
2011-02-23,53.60,54.97002,53.54002,54.50007,2058700,5.91854
2011-02-22,55.78,56.77007,53.50,53.56006,3200000,5.81646
2011-02-21,54.11005,55.80004,54.01006,55.80004,2393100,6.05971
2011-02-18,55.42002,55.80004,54.45006,54.49,2933100,5.91744
2011-02-17,55.45005,56.50003,55.01004,55.46003,3786200,6.02279
2011-02-16,52.88004,55.35005,52.60002,55.35005,4554300,6.01084
2011-02-15,52.30002,53.47005,52.30002,52.60002,2475600,5.7122
2011-02-14,52.26999,52.88004,51.91002,52.73005,2625900,5.72632
2011-02-11,51.67001,52.28006,51.67001,52.18006,1919200,5.66659
2011-02-10,50.26005,51.78006,49.60,51.78006,1990900,5.62315
2011-02-09,50.02003,50.80005,49.80007,50.06005,1199700,5.43637
2011-02-01,50.78,51.66002,50.55005,51.00005,1114800,5.53845
2011-01-31,50.70005,52.00003,50.70005,51.20004,2056500,5.56017
2011-01-28,49.78002,50.66004,49.63002,50.66004,1463300,5.50152
2011-01-27,49.00,49.96005,48.38005,49.69001,1307200,5.39618
2011-01-26,48.57006,49.66005,48.40002,49.05,1198400,5.32668
2011-01-25,49.18003,49.74999,47.60003,48.19003,1998500,5.23329
2011-01-24,51.49006,51.65003,49.51006,49.54001,2356800,5.37989
2011-01-21,48.80001,50.32003,48.80001,49.74001,1241900,5.40161
2011-01-20,50.65005,51.27001,49.32004,49.51006,1961800,5.37664
2011-01-19,49.98002,50.95005,49.61006,50.58001,1329700,5.49283
2011-01-18,50.01005,50.50006,49.60,49.81005,1663800,5.40922
2011-01-17,51.50004,52.17,50.11005,50.22003,2315400,5.45374
2011-01-14,53.50,53.52005,51.79005,52.05003,1746800,5.65247
2011-01-13,53.22005,54.55006,53.20999,53.90,1525400,5.85337
2011-01-12,52.36001,53.55,52.36001,53.17006,1474200,5.7741
2011-01-11,53.00001,53.12006,51.62,52.40002,2347100,5.69048
2011-01-10,55.44006,55.44006,53.00001,53.12006,3972500,5.76867
2011-01-06,56.36002,56.92007,55.85004,56.01002,1951300,6.08251
2011-01-05,57.01001,57.43004,56.29005,56.76001,2782800,6.16396
2011-01-04,56.99004,57.60001,56.32,57.43004,3095000,6.23672
2010-12-31,56.00004,56.95002,55.99005,56.70003,2237700,6.15745
2010-12-30,55.13001,56.24005,55.08001,55.70004,1477900,6.04885
2010-12-29,54.10007,55.85004,54.02004,55.59006,2220100,6.03691
2010-12-28,53.09003,54.88001,53.05001,54.12004,2473300,5.87727
2010-12-27,55.25005,56.30003,53.00001,53.37005,3597300,5.79582
2010-12-24,56.35003,56.35003,54.90006,55.00005,3632900,5.97283
2010-12-23,58.93002,59.18001,56.77007,56.79004,4099400,6.16722
2010-12-22,59.00006,60.00005,58.72004,58.88002,3195500,6.39419
2010-12-21,59.59007,59.80005,58.35,58.87003,3694200,6.3931
2010-12-20,61.06001,61.38005,57.70001,59.30006,6591200,6.4398
2010-12-17,60.65004,61.50002,60.50004,61.05003,3471600,6.62984
2010-12-16,58.65007,61.73005,58.63002,60.89005,6476000,6.61247
2010-12-14,59.41004,59.97002,58.77004,59.20006,3712300,6.42894
2010-12-13,57.88004,59.88,57.38005,59.35006,5486800,6.44523
2010-12-10,55.45005,57.38005,55.06004,57.15002,3401200,6.20631
2010-12-09,56.60003,57.09003,55.51003,55.51003,2964600,6.02822
2010-12-08,56.71001,57.67006,56.51001,56.80003,3115300,6.16831
2010-12-07,55.01004,57.19003,54.80006,57.00002,4454700,6.19002
2010-12-06,57.48004,57.85001,54.93001,55.22002,6458800,5.99672
2010-12-03,58.45007,59.00006,56.76001,57.46,5060800,6.23998
2010-12-02,60.38007,60.60004,58.60007,58.65007,5430100,6.36922
2010-12-01,59.60005,60.65004,58.57004,59.28001,4887100,6.43763
2010-11-30,63.49,63.49,56.90002,60.60004,11244500,6.58098
2010-11-29,59.42003,63.90006,59.42003,63.11005,9105600,6.85356
2010-11-26,59.66004,61.49003,58.70007,60.00005,8463500,6.51582
2010-11-25,61.83005,61.88005,59.02003,60.00005,9660700,6.51582
2010-11-24,60.40004,62.75008,60.27001,61.76,9036300,6.70694
2010-11-23,57.80001,61.50002,56.70003,61.20003,10617600,6.64613
2010-11-22,58.29001,60.60004,57.10002,58.20,13390900,6.32034
2010-11-19,55.02003,58.58003,55.02003,58.30,15255400,6.3312
2010-11-18,54.92003,55.78,52.50002,54.99007,9192000,5.97175
2010-11-17,54.01006,56.29005,53.50,54.23002,14264100,5.88921
2010-11-16,54.80006,57.87005,53.20001,54.78001,22099700,5.94894
2010-11-15,49.40,54.08002,49.40,54.08002,11865300,5.87292
2010-11-12,51.80003,52.76,48.30002,49.16006,9669700,5.33863
2010-11-11,52.90002,53.99001,51.50004,51.69005,9639700,5.61338
2010-11-10,51.68007,53.33004,51.00005,52.99003,9314000,5.75455
2010-11-09,51.47001,51.98006,51.00005,51.62,6238900,5.60577
2010-11-08,49.64001,51.66002,49.36006,51.40004,7188800,5.58188
2010-11-05,49.98002,49.98002,49.03004,49.76005,5028900,5.40379
2010-11-04,48.60001,49.40,48.23005,49.40,3413700,5.36469
2010-11-03,49.66005,49.88002,48.33005,48.50001,5959300,5.26695
2010-11-02,52.20003,52.46001,50.00006,50.00006,10098100,5.42985
2010-11-01,50.50006,52.49004,50.08002,52.14004,11641900,5.66225
2010-10-29,47.85002,50.50006,47.80003,49.80007,8448600,5.40813
2010-10-28,47.85002,49.18003,47.80003,49.02005,4984300,5.32343
2010-10-27,48.70001,49.20,47.90002,47.96999,6342100,5.20939
2010-10-26,48.63004,52.00003,48.63004,49.20,10151500,5.34297
2010-10-25,46.48,47.45003,46.03001,47.32,5382200,5.13881
2010-10-22,46.30005,47.55003,45.85006,46.43,5092700,5.04215
2010-10-21,46.66003,46.91002,45.46005,45.74,4035900,4.96722
2010-10-20,45.51005,47.58006,45.51005,46.66003,6938100,5.06713
2010-10-19,43.77006,47.88005,43.51001,46.86003,8689900,5.08885
2010-10-18,44.05001,44.08004,42.84005,43.87006,3326700,4.76415
2010-10-15,44.60,44.60,43.61001,44.35001,3329000,4.81627
2010-10-14,45.49,45.60006,44.53004,44.58003,3697000,4.84125
2010-10-13,44.63003,44.99001,44.18004,44.96006,2948600,4.88252
2010-10-12,44.45,45.34999,44.30001,44.60,3169400,4.84342
2010-10-11,44.68003,44.68003,43.82006,44.45,3188000,4.82713
2010-10-08,43.80002,44.84002,43.60002,44.58003,2893900,4.84125
2010-09-30,43.15003,43.83005,42.50004,43.58005,1757000,4.73266
2010-09-29,43.66,44.47005,43.12,43.26001,1884700,4.6979
2010-09-28,44.35999,44.54002,43.01001,43.11001,2151700,4.68161
2010-09-27,44.03004,44.61006,43.61001,44.48004,1752500,4.83039
2010-09-21,44.06,44.20001,43.50002,44.00001,1221200,4.77826
2010-09-20,44.45,44.60,44.00001,44.02006,1557100,4.78044
2010-09-17,44.78003,44.78003,44.24002,44.40001,1617900,4.8217
2010-09-16,44.95,45.28002,44.01,44.20001,2697700,4.79998
2010-09-15,46.99005,47.00004,44.82005,44.91006,5739800,4.87709
2010-09-14,48.11,48.28005,46.67001,46.90004,4461600,5.0932
2010-09-13,47.62,48.18005,47.62,48.09003,3288200,5.22243
2010-09-10,48.20002,48.55001,47.02001,47.79004,3620800,5.18985
2010-09-09,48.15002,48.87005,48.08005,48.20002,5156300,5.23437
2010-09-08,48.18005,48.98003,48.01001,48.28005,4280600,5.24306
2010-09-07,47.02001,48.56,47.01002,48.50001,4468000,5.26695
2010-09-06,48.08005,48.48004,46.60005,47.28007,5457300,5.13447
2010-09-03,46.70004,48.49003,46.70004,48.07007,6880800,5.22026
2010-09-02,46.22002,46.85004,46.22002,46.70004,6325600,5.07148
2010-09-01,47.96999,47.96999,45.80006,46.21004,7199100,5.01827
2010-08-31,47.75003,48.19003,47.41002,47.86001,3933200,5.19745
2010-08-30,46.93,48.68004,46.72001,48.23005,6771500,5.23763
2010-08-27,47.59004,47.70003,45.82003,47.17001,10030400,5.12252
2010-08-26,47.89004,49.10,47.68006,48.78004,3643700,5.29736
2010-08-25,49.16006,49.16006,46.93,48.04004,4552000,5.217
2010-08-24,48.88004,49.77004,47.95002,49.16006,3848400,5.33863
2010-08-23,49.83002,50.30006,48.75999,48.88004,5298900,5.30822
2010-08-20,51.80003,51.89005,49.94,49.96005,5829300,5.42551
2010-08-19,52.50002,52.50002,51.50004,51.90003,4332100,5.63618
2010-08-18,52.24004,53.30001,51.91002,52.17,4935700,5.6655
2010-08-17,52.38006,52.98004,51.56002,52.35002,4278900,5.68505
2010-08-16,51.33,53.58003,51.33,52.37007,7297100,5.68723
2010-08-13,50.03002,51.83007,50.00006,51.56002,5585900,5.59926
2010-08-12,48.99002,51.50004,48.65999,50.33001,6230700,5.46568
2010-08-11,49.05,49.74001,48.77005,49.59001,4344900,5.38532
2010-08-10,52.01001,52.47007,49.12005,49.15,6870900,5.33754
2010-08-09,50.35006,52.60002,50.30006,51.97,7829000,5.64378
2010-08-06,48.92005,50.55005,48.70001,50.35006,6169800,5.46786
2010-08-05,48.80001,49.68002,48.31,48.92005,5047300,5.31257
2010-08-04,49.10,49.40,47.72,48.80001,5464300,5.29953
2010-08-03,50.45006,50.76003,49.10,49.22005,4801600,5.34514
2010-08-02,49.69999,50.53001,49.11006,50.40006,5514200,5.47329
2010-07-30,49.98002,49.98002,48.99002,49.40,4569000,5.36469
2010-07-29,48.80001,50.20006,48.51,50.05006,6808800,5.43528
2010-07-28,47.90002,48.98003,47.72,48.79002,4800100,5.29844
2010-07-27,48.15002,48.48004,47.90002,47.90002,3965500,5.20179
2010-07-26,48.75999,48.87005,47.83006,48.45001,4448000,5.26152
2010-07-23,48.40002,48.61,47.61001,48.29003,6060900,5.24415
2010-07-22,47.51002,48.48004,47.51002,48.28005,4274800,5.24306
2010-07-21,47.46002,48.67005,47.21002,47.51002,5927300,5.15944
2010-07-20,45.69,47.38006,45.66005,47.24005,4164000,5.13012
2010-07-19,44.14003,45.80006,43.99003,45.69,2898500,4.96179
2010-07-16,45.70006,45.70006,43.74003,44.89001,3916000,4.87492
2010-07-15,46.78,47.58006,45.80006,45.90006,3332400,4.9846
2010-07-14,47.48006,47.99004,46.87001,47.02001,3909500,5.10623
2010-07-13,47.60003,47.96001,46.61003,47.48006,4457700,5.15619
2010-07-12,48.21,48.48004,47.60003,48.25002,5634200,5.2398
2010-07-09,46.00005,48.29003,45.98999,48.20002,9687000,5.23437
2010-07-08,46.23001,47.00004,44.81006,46.00005,3755000,4.99546
2010-07-07,45.68001,46.18001,45.12004,46.08001,4023300,5.00415
2010-07-06,44.12006,45.79,43.66,45.55006,4717100,4.9466
2010-07-05,44.09003,44.24002,43.34004,44.08004,2945100,4.78696
2010-07-02,44.73003,45.15,42.67,44.50001,4499200,4.83256
2010-07-01,44.98003,45.66005,44.01,44.73003,4192900,4.85754
2010-06-30,44.98003,45.57003,44.00001,45.50007,6645900,4.94117
2010-06-29,49.79001,50.00006,45.64,45.68001,10317000,4.96071
2010-06-28,49.54001,50.97002,49.38003,50.00006,15542700,5.42985
2010-06-25,53.56006,53.58003,50.65005,51.47999,3331200,5.59057
2010-06-24,53.50,54.98001,53.50,53.66006,2254900,5.82732
2010-06-23,52.61,54.27004,52.33005,54.09001,2640600,5.87401
2010-06-22,52.53005,54.54,52.53005,53.18004,3326400,5.77519
2010-06-21,50.61004,53.48004,49.64999,52.80002,4417700,5.73392
2010-06-18,55.79006,55.79006,51.12001,51.41002,4254400,5.58297
2010-06-17,59.43001,59.43001,56.25004,56.25004,6778500,6.10858
2010-06-11,56.80003,59.43001,56.80003,58.88002,7841900,6.39419
2010-06-10,56.00004,57.36,55.79006,56.89004,6098400,6.17808
2010-06-09,54.88001,57.89002,54.42003,55.85004,10240600,6.06514
2010-06-07,51.25004,54.00,50.16005,54.00,5938600,5.86423
2010-06-04,51.00005,52.00003,50.50006,51.90003,2249400,5.63618
2010-06-03,51.50004,52.44004,51.20004,51.20004,3628500,5.56017
2010-06-02,50.64007,51.25004,49.62004,51.25004,2446600,5.5656
2010-06-01,53.60,53.60,49.40,50.93,4269900,5.53084
2010-05-31,54.00,56.45003,53.64002,54.04001,6468000,5.86858
2010-05-28,54.73001,55.26004,53.60,54.24001,5216600,5.8903
2010-05-27,52.82006,54.70006,52.11001,54.49,4378500,5.91744
2010-05-26,53.00001,53.44002,52.29004,52.90002,2992000,5.74478
2010-05-25,53.04003,53.75,52.41001,52.76,4995800,5.72957
2010-05-24,51.98006,54.48002,51.80003,54.00,7475200,5.86423
2010-05-21,48.12006,51.42001,47.80003,51.40004,4379400,5.58188
2010-05-20,50.99006,51.80003,49.03004,49.21006,2751000,5.34406
2010-05-19,49.88002,52.22,49.19002,51.56002,3718100,5.59926
2010-05-18,49.10,50.45006,48.08005,50.39,3304600,5.4722
2010-05-17,53.33004,53.33004,49.30,49.80007,2419600,5.40813
2010-05-14,53.98003,54.39,53.10001,54.07004,2741300,5.87184
2010-05-13,52.80002,53.70,52.00003,53.69002,2895600,5.83057
2010-05-12,52.88004,52.88004,50.06005,52.70002,3618100,5.72306
2010-05-11,54.30007,54.90006,52.53005,52.88004,3754100,5.74261
2010-05-10,57.86007,57.90001,53.07006,53.12006,5167900,5.76867
2010-05-07,55.88007,58.54001,55.31003,57.46,2724800,6.23998
2010-05-06,60.60004,60.85003,57.00002,57.30001,4243300,6.2226
2010-05-05,57.66007,60.33007,57.01001,60.28007,5411300,6.54623
2010-05-04,56.10004,58.28003,55.03001,57.66007,3430600,6.2617
2010-04-30,60.52001,61.64003,55.70004,57.68004,6366100,6.26387
2010-04-29,62.50,63.40007,60.51002,60.62,3840800,6.58314
2010-04-28,62.26007,63.85006,61.53005,62.10001,3203600,6.74387
2010-04-27,66.76007,66.84002,61.77006,63.29001,6036300,6.8731
2010-04-26,71.16007,71.79002,66.61007,66.73004,8472800,7.24667
2010-04-23,74.30003,74.49004,71.06007,71.18004,8697600,7.72993
2010-04-22,74.80002,77.10006,73.10005,74.80002,8472300,8.12305
2010-04-21,72.31005,75.50001,71.00001,75.40001,6702500,8.18821
2010-04-20,74.99004,74.99004,71.01008,72.91004,5925600,7.9178
2010-04-19,71.49002,77.10006,71.05001,74.60003,11838700,8.10133
2010-04-16,71.18004,72.95005,70.02007,71.85007,6543200,7.80269
2010-04-15,76.94031,77.24983,69.84005,71.15001,10890700,7.72667
2010-04-14,76.40007,77.45028,75.12006,76.51005,7819400,8.30875
2010-04-13,83.00011,84.58994,75.51007,76.40007,16527900,8.29681
2010-04-12,84.57996,85.57995,82.75972,83.35034,12425400,9.05159
2010-04-09,83.84034,84.98011,82.50012,84.57996,15011400,9.18512
2010-04-08,88.64979,90.88016,84.50009,84.72973,16743800,9.20138
2010-04-07,84.31038,88.5799,84.23972,87.67975,17618000,9.52175
2010-04-06,85.15983,85.65982,83.5001,85.54999,16535400,9.29046
2010-04-02,85.07995,86.36027,83.90025,85.15983,16623000,9.24809
2010-04-01,88.83027,91.67969,86.98007,87.00004,24720000,9.44793
2010-03-31,88.00003,90.99998,86.52002,89.40015,22179000,9.70858
2010-03-30,84.38027,90.98999,84.38027,89.01,28866600,9.66621
2010-03-29,83.64987,87.75041,80.00016,84.70976,37786500,9.19922
2010-03-26,75.00002,89.30031,75.00002,86.50005,64484200,9.39364
